5

Graph 1, order 5.
00000
00000
00000
00000
00000

Graph 2, order 5.
00001
00000
00000
00000
10000

Graph 3, order 5.
00001
00001
00000
00000
11000

Graph 4, order 5.
00001
00001
00001
00000
11100

Graph 5, order 5.
00001
00001
00001
00001
11110

Graph 6, order 5.
00010
00001
00000
10000
01000

Graph 7, order 5.
00011
00001
00000
10000
11000

Graph 8, order 5.
00010
00001
00001
10000
01100

Graph 9, order 5.
00011
00000
00000
10001
10010

Graph 10, order 5.
00011
00001
00001
10000
11100

Graph 11, order 5.
00011
00001
00000
10001
11010

Graph 12, order 5.
00011
00001
00001
10001
11110

Graph 13, order 5.
00011
00011
00000
11000
11000

Graph 14, order 5.
00011
00011
00001
11000
11100

Graph 15, order 5.
00011
00011
00000
11001
11010

Graph 16, order 5.
00011
00010
00001
11001
10110

Graph 17, order 5.
00011
00011
00001
11001
11110

Graph 18, order 5.
00011
00011
00011
11100
11100

Graph 19, order 5.
00011
00011
00011
11101
11110

Graph 20, order 5.
00101
00011
10000
01000
11000

Graph 21, order 5.
00101
00010
10001
01000
10100

Graph 22, order 5.
00101
00011
10001
01000
11100

Graph 23, order 5.
00101
00011
10001
01001
11110

Graph 24, order 5.
00110
00011
10001
11000
01100

Graph 25, order 5.
00111
00011
10001
11000
11100

Graph 26, order 5.
00111
00011
10001
11001
11110

Graph 27, order 5.
00111
00001
10011
10100
11100

Graph 28, order 5.
00111
00000
10011
10101
10110

Graph 29, order 5.
00111
00001
10011
10101
11110

Graph 30, order 5.
00111
00011
10011
11101
11110

Graph 31, order 5.
00111
00111
11001
11000
11100

Graph 32, order 5.
00111
00111
11001
11001
11110

Graph 33, order 5.
00111
00111
11011
11101
11110

Graph 34, order 5.
01111
10111
11011
11101
11110