7

Graph 1, order 7.
0000000
0000000
0000000
0000000
0000000
0000000
0000000

Graph 2, order 7.
0000001
0000000
0000000
0000000
0000000
0000000
1000000

Graph 3, order 7.
0000001
0000001
0000000
0000000
0000000
0000000
1100000

Graph 4, order 7.
0000001
0000001
0000001
0000000
0000000
0000000
1110000

Graph 5, order 7.
0000001
0000001
0000001
0000001
0000000
0000000
1111000

Graph 6, order 7.
0000001
0000001
0000001
0000001
0000001
0000000
1111100

Graph 7, order 7.
0000001
0000001
0000001
0000001
0000001
0000001
1111110

Graph 8, order 7.
0000010
0000001
0000000
0000000
0000000
1000000
0100000

Graph 9, order 7.
0000011
0000001
0000000
0000000
0000000
1000000
1100000

Graph 10, order 7.
0000010
0000001
0000001
0000000
0000000
1000000
0110000

Graph 11, order 7.
0000011
0000000
0000000
0000000
0000000
1000001
1000010

Graph 12, order 7.
0000011
0000001
0000001
0000000
0000000
1000000
1110000

Graph 13, order 7.
0000010
0000001
0000001
0000001
0000000
1000000
0111000

Graph 14, order 7.
0000011
0000001
0000000
0000000
0000000
1000001
1100010

Graph 15, order 7.
0000011
0000001
0000001
0000001
0000000
1000000
1111000

Graph 16, order 7.
0000010
0000001
0000001
0000001
0000001
1000000
0111100

Graph 17, order 7.
0000011
0000001
0000001
0000000
0000000
1000001
1110010

Graph 18, order 7.
0000011
0000001
0000001
0000001
0000001
1000000
1111100

Graph 19, order 7.
0000011
0000001
0000001
0000001
0000000
1000001
1111010

Graph 20, order 7.
0000011
0000001
0000001
0000001
0000001
1000001
1111110

Graph 21, order 7.
0000011
0000011
0000000
0000000
0000000
1100000
1100000

Graph 22, order 7.
0000010
0000010
0000001
0000001
0000000
1100000
0011000

Graph 23, order 7.
0000011
0000011
0000001
0000000
0000000
1100000
1110000

Graph 24, order 7.
0000011
0000010
0000001
0000001
0000000
1100000
1011000

Graph 25, order 7.
0000010
0000010
0000001
0000001
0000001
1100000
0011100

Graph 26, order 7.
0000011
0000011
0000000
0000000
0000000
1100001
1100010

Graph 27, order 7.
0000011
0000010
0000001
0000000
0000000
1100001
1010010

Graph 28, order 7.
0000010
0000010
0000001
0000001
0000000
1100001
0011010

Graph 29, order 7.
0000011
0000011
0000001
0000001
0000000
1100000
1111000

Graph 30, order 7.
0000011
0000010
0000001
0000001
0000001
1100000
1011100

Graph 31, order 7.
0000011
0000011
0000001
0000000
0000000
1100001
1110010

Graph 32, order 7.
0000011
0000010
0000001
0000001
0000000
1100001
1011010

Graph 33, order 7.
0000010
0000010
0000001
0000001
0000001
1100001
0011110

Graph 34, order 7.
0000011
0000011
0000001
0000001
0000001
1100000
1111100

Graph 35, order 7.
0000011
0000011
0000001
0000001
0000000
1100001
1111010

Graph 36, order 7.
0000011
0000010
0000001
0000001
0000001
1100001
1011110

Graph 37, order 7.
0000011
0000011
0000001
0000001
0000001
1100001
1111110

Graph 38, order 7.
0000011
0000011
0000011
0000000
0000000
1110000
1110000

Graph 39, order 7.
0000011
0000011
0000010
0000001
0000000
1110000
1101000

Graph 40, order 7.
0000011
0000010
0000010
0000001
0000001
1110000
1001100

Graph 41, order 7.
0000011
0000011
0000011
0000001
0000000
1110000
1111000

Graph 42, order 7.
0000011
0000011
0000010
0000001
0000001
1110000
1101100

Graph 43, order 7.
0000011
0000011
0000011
0000000
0000000
1110001
1110010

Graph 44, order 7.
0000011
0000011
0000010
0000001
0000000
1110001
1101010

Graph 45, order 7.
0000011
0000010
0000010
0000001
0000001
1110001
1001110

Graph 46, order 7.
0000011
0000011
0000011
0000001
0000001
1110000
1111100

Graph 47, order 7.
0000011
0000011
0000011
0000001
0000000
1110001
1111010

Graph 48, order 7.
0000011
0000011
0000010
0000001
0000001
1110001
1101110

Graph 49, order 7.
0000011
0000011
0000011
0000001
0000001
1110001
1111110

Graph 50, order 7.
0000011
0000011
0000011
0000011
0000000
1111000
1111000

Graph 51, order 7.
0000011
0000011
0000011
0000010
0000001
1111000
1110100

Graph 52, order 7.
0000011
0000011
0000011
0000011
0000001
1111000
1111100

Graph 53, order 7.
0000011
0000011
0000011
0000011
0000000
1111001
1111010

Graph 54, order 7.
0000011
0000011
0000011
0000010
0000001
1111001
1110110

Graph 55, order 7.
0000011
0000011
0000011
0000011
0000001
1111001
1111110

Graph 56, order 7.
0000011
0000011
0000011
0000011
0000011
1111100
1111100

Graph 57, order 7.
0000011
0000011
0000011
0000011
0000011
1111101
1111110

Graph 58, order 7.
0000100
0000010
0000001
0000000
1000000
0100000
0010000

Graph 59, order 7.
0000101
0000011
0000000
0000000
1000000
0100000
1100000

Graph 60, order 7.
0000101
0000010
0000001
0000000
1000000
0100000
1010000

Graph 61, order 7.
0000100
0000010
0000001
0000001
1000000
0100000
0011000

Graph 62, order 7.
0000101
0000010
0000000
0000000
1000001
0100000
1000100

Graph 63, order 7.
0000101
0000011
0000001
0000000
1000000
0100000
1110000

Graph 64, order 7.
0000101
0000010
0000001
0000001
1000000
0100000
1011000

Graph 65, order 7.
0000101
0000011
0000000
0000000
1000001
0100000
1100100

Graph 66, order 7.
0000101
0000010
0000001
0000000
1000001
0100000
1010100

Graph 67, order 7.
0000101
0000011
0000001
0000001
1000000
0100000
1111000

Graph 68, order 7.
0000101
0000011
0000001
0000000
1000001
0100000
1110100

Graph 69, order 7.
0000101
0000010
0000001
0000001
1000001
0100000
1011100

Graph 70, order 7.
0000101
0000011
0000000
0000000
1000001
0100001
1100110

Graph 71, order 7.
0000101
0000011
0000001
0000001
1000001
0100000
1111100

Graph 72, order 7.
0000101
0000011
0000001
0000000
1000001
0100001
1110110

Graph 73, order 7.
0000101
0000011
0000001
0000001
1000001
0100001
1111110

Graph 74, order 7.
0000110
0000011
0000000
0000000
1000001
1100000
0100100

Graph 75, order 7.
0000111
0000011
0000001
0000000
1000000
1100000
1110000

Graph 76, order 7.
0000110
0000011
0000001
0000001
1000000
1100000
0111000

Graph 77, order 7.
0000111
0000011
0000000
0000000
1000001
1100000
1100100

Graph 78, order 7.
0000110
0000011
0000001
0000000
1000001
1100000
0110100

Graph 79, order 7.
0000111
0000011
0000000
0000000
1000000
1100001
1100010

Graph 80, order 7.
0000111
0000010
0000001
0000000
1000000
1100001
1010010

Graph 81, order 7.
0000111
0000011
0000001
0000001
1000000
1100000
1111000

Graph 82, order 7.
0000111
0000011
0000001
0000000
1000001
1100000
1110100

Graph 83, order 7.
0000111
0000010
0000001
0000001
1000001
1100000
1011100

Graph 84, order 7.
0000110
0000011
0000001
0000001
1000001
1100000
0111100

Graph 85, order 7.
0000111
0000011
0000001
0000000
1000000
1100001
1110010

Graph 86, order 7.
0000111
0000010
0000001
0000001
1000000
1100001
1011010

Graph 87, order 7.
0000111
0000011
0000000
0000000
1000001
1100001
1100110

Graph 88, order 7.
0000111
0000011
0000001
0000001
1000001
1100000
1111100

Graph 89, order 7.
0000111
0000011
0000001
0000001
1000000
1100001
1111010

Graph 90, order 7.
0000111
0000011
0000001
0000000
1000001
1100001
1110110

Graph 91, order 7.
0000111
0000011
0000001
0000001
1000001
1100001
1111110

Graph 92, order 7.
0000101
0000011
0000010
0000000
1000000
0110000
1100000

Graph 93, order 7.
0000100
0000011
0000011
0000000
1000000
0110000
0110000

Graph 94, order 7.
0000101
0000010
0000010
0000001
1000000
0110000
1001000

Graph 95, order 7.
0000101
0000010
0000010
0000000
1000001
0110000
1000100

Graph 96, order 7.
0000101
0000011
0000011
0000000
1000000
0110000
1110000

Graph 97, order 7.
0000101
0000011
0000010
0000001
1000000
0110000
1101000

Graph 98, order 7.
0000100
0000011
0000011
0000001
1000000
0110000
0111000

Graph 99, order 7.
0000101
0000011
0000010
0000000
1000001
0110000
1100100

Graph 100, order 7.
0000101
0000010
0000010
0000001
1000001
0110000
1001100

Graph 101, order 7.
0000101
0000011
0000010
0000000
1000000
0110001
1100010

Graph 102, order 7.
0000100
0000011
0000011
0000000
1000000
0110001
0110010

Graph 103, order 7.
0000101
0000010
0000010
0000001
1000000
0110001
1001010

Graph 104, order 7.
0000100
0000011
0000010
0000001
1000000
0110001
0101010

Graph 105, order 7.
0000101
0000010
0000010
0000000
1000001
0110001
1000110

Graph 106, order 7.
0000101
0000011
0000011
0000001
1000000
0110000
1111000

Graph 107, order 7.
0000101
0000011
0000011
0000000
1000001
0110000
1110100

Graph 108, order 7.
0000101
0000011
0000010
0000001
1000001
0110000
1101100

Graph 109, order 7.
0000101
0000011
0000011
0000000
1000000
0110001
1110010

Graph 110, order 7.
0000101
0000011
0000010
0000001
1000000
0110001
1101010

Graph 111, order 7.
0000100
0000011
0000011
0000001
1000000
0110001
0111010

Graph 112, order 7.
0000101
0000011
0000010
0000000
1000001
0110001
1100110

Graph 113, order 7.
0000101
0000010
0000010
0000001
1000001
0110001
1001110

Graph 114, order 7.
0000101
0000011
0000011
0000001
1000001
0110000
1111100

Graph 115, order 7.
0000101
0000011
0000011
0000001
1000000
0110001
1111010

Graph 116, order 7.
0000101
0000011
0000011
0000000
1000001
0110001
1110110

Graph 117, order 7.
0000101
0000011
0000010
0000001
1000001
0110001
1101110

Graph 118, order 7.
0000101
0000011
0000011
0000001
1000001
0110001
1111110

Graph 119, order 7.
0000110
0000001
0000001
0000001
1000010
1000100
0111000

Graph 120, order 7.
0000111
0000000
0000000
0000000
1000011
1000101
1000110

Graph 121, order 7.
0000111
0000001
0000001
0000001
1000010
1000100
1111000

Graph 122, order 7.
0000111
0000001
0000001
0000000
1000011
1000100
1110100

Graph 123, order 7.
0000111
0000001
0000000
0000000
1000011
1000101
1100110

Graph 124, order 7.
0000111
0000001
0000001
0000001
1000011
1000100
1111100

Graph 125, order 7.
0000111
0000001
0000001
0000000
1000011
1000101
1110110

Graph 126, order 7.
0000111
0000001
0000001
0000001
1000011
1000101
1111110

Graph 127, order 7.
0000110
0000011
0000011
0000000
1000001
1110000
0110100

Graph 128, order 7.
0000110
0000011
0000010
0000001
1000001
1110000
0101100

Graph 129, order 7.
0000111
0000011
0000011
0000001
1000000
1110000
1111000

Graph 130, order 7.
0000111
0000011
0000011
0000000
1000001
1110000
1110100

Graph 131, order 7.
0000111
0000011
0000010
0000001
1000001
1110000
1101100

Graph 132, order 7.
0000110
0000011
0000011
0000001
1000001
1110000
0111100

Graph 133, order 7.
0000111
0000011
0000011
0000000
1000000
1110001
1110010

Graph 134, order 7.
0000111
0000011
0000010
0000001
1000000
1110001
1101010

Graph 135, order 7.
0000111
0000011
0000010
0000000
1000001
1110001
1100110

Graph 136, order 7.
0000110
0000011
0000011
0000000
1000001
1110001
0110110

Graph 137, order 7.
0000111
0000010
0000010
0000001
1000001
1110001
1001110

Graph 138, order 7.
0000110
0000011
0000010
0000001
1000001
1110001
0101110

Graph 139, order 7.
0000111
0000011
0000011
0000001
1000001
1110000
1111100

Graph 140, order 7.
0000111
0000011
0000011
0000001
1000000
1110001
1111010

Graph 141, order 7.
0000111
0000011
0000011
0000000
1000001
1110001
1110110

Graph 142, order 7.
0000111
0000011
0000010
0000001
1000001
1110001
1101110

Graph 143, order 7.
0000110
0000011
0000011
0000001
1000001
1110001
0111110

Graph 144, order 7.
0000111
0000011
0000011
0000001
1000001
1110001
1111110

Graph 145, order 7.
0000101
0000011
0000011
0000010
1000000
0111000
1110000

Graph 146, order 7.
0000100
0000011
0000011
0000011
1000000
0111000
0111000

Graph 147, order 7.
0000101
0000011
0000010
0000010
1000001
0111000
1100100

Graph 148, order 7.
0000101
0000011
0000011
0000011
1000000
0111000
1111000

Graph 149, order 7.
0000101
0000011
0000011
0000010
1000001
0111000
1110100

Graph 150, order 7.
0000101
0000011
0000011
0000010
1000000
0111001
1110010

Graph 151, order 7.
0000100
0000011
0000011
0000011
1000000
0111001
0111010

Graph 152, order 7.
0000101
0000011
0000010
0000010
1000001
0111001
1100110

Graph 153, order 7.
0000101
0000011
0000011
0000011
1000001
0111000
1111100

Graph 154, order 7.
0000101
0000011
0000011
0000011
1000000
0111001
1111010

Graph 155, order 7.
0000101
0000011
0000011
0000010
1000001
0111001
1110110

Graph 156, order 7.
0000101
0000011
0000011
0000011
1000001
0111001
1111110

Graph 157, order 7.
0000111
0000011
0000001
0000001
1000010
1100100
1111000

Graph 158, order 7.
0000111
0000011
0000001
0000000
1000011
1100100
1110100

Graph 159, order 7.
0000111
0000010
0000001
0000001
1000011
1100100
1011100

Graph 160, order 7.
0000111
0000011
0000000
0000000
1000011
1100101
1100110

Graph 161, order 7.
0000111
0000010
0000001
0000000
1000011
1100101
1010110

Graph 162, order 7.
0000111
0000011
0000001
0000001
1000011
1100100
1111100

Graph 163, order 7.
0000111
0000011
0000001
0000001
1000010
1100101
1111010

Graph 164, order 7.
0000111
0000011
0000001
0000000
1000011
1100101
1110110

Graph 165, order 7.
0000111
0000010
0000001
0000001
1000011
1100101
1011110

Graph 166, order 7.
0000111
0000011
0000001
0000001
1000011
1100101
1111110

Graph 167, order 7.
0000111
0000011
0000011
0000011
1000000
1111000
1111000

Graph 168, order 7.
0000111
0000011
0000011
0000010
1000001
1111000
1110100

Graph 169, order 7.
0000110
0000011
0000011
0000011
1000001
1111000
0111100

Graph 170, order 7.
0000111
0000011
0000011
0000011
1000001
1111000
1111100

Graph 171, order 7.
0000111
0000011
0000011
0000011
1000000
1111001
1111010

Graph 172, order 7.
0000111
0000011
0000011
0000010
1000001
1111001
1110110

Graph 173, order 7.
0000110
0000011
0000011
0000011
1000001
1111001
0111110

Graph 174, order 7.
0000111
0000011
0000011
0000011
1000001
1111001
1111110

Graph 175, order 7.
0000111
0000011
0000011
0000000
1000011
1110100
1110100

Graph 176, order 7.
0000111
0000011
0000010
0000001
1000011
1110100
1101100

Graph 177, order 7.
0000111
0000011
0000011
0000001
1000011
1110100
1111100

Graph 178, order 7.
0000111
0000011
0000011
0000000
1000011
1110101
1110110

Graph 179, order 7.
0000111
0000011
0000010
0000001
1000011
1110101
1101110

Graph 180, order 7.
0000111
0000011
0000011
0000001
1000011
1110101
1111110

Graph 181, order 7.
0000111
0000011
0000011
0000011
1000011
1111100
1111100

Graph 182, order 7.
0000111
0000011
0000011
0000011
1000011
1111101
1111110

Graph 183, order 7.
0000111
0000111
0000001
0000000
1100000
1100000
1110000

Graph 184, order 7.
0000111
0000111
0000000
0000000
1100001
1100000
1100100

Graph 185, order 7.
0000111
0000111
0000001
0000001
1100000
1100000
1111000

Graph 186, order 7.
0000111
0000111
0000001
0000000
1100001
1100000
1110100

Graph 187, order 7.
0000111
0000110
0000001
0000001
1100001
1100000
1011100

Graph 188, order 7.
0000111
0000111
0000000
0000000
1100001
1100001
1100110

Graph 189, order 7.
0000111
0000111
0000001
0000001
1100001
1100000
1111100

Graph 190, order 7.
0000111
0000111
0000001
0000000
1100001
1100001
1110110

Graph 191, order 7.
0000111
0000111
0000001
0000001
1100001
1100001
1111110

Graph 192, order 7.
0000110
0000101
0000011
0000000
1100000
1010000
0110000

Graph 193, order 7.
0000111
0000101
0000011
0000000
1100000
1010000
1110000

Graph 194, order 7.
0000110
0000101
0000011
0000001
1100000
1010000
0111000

Graph 195, order 7.
0000111
0000100
0000011
0000000
1100001
1010000
1010100

Graph 196, order 7.
0000110
0000101
0000011
0000000
1100001
1010000
0110100

Graph 197, order 7.
0000110
0000100
0000011
0000001
1100001
1010000
0011100

Graph 198, order 7.
0000111
0000100
0000010
0000000
1100001
1010001
1000110

Graph 199, order 7.
0000110
0000101
0000010
0000000
1100001
1010001
0100110

Graph 200, order 7.
0000110
0000100
0000010
0000001
1100001
1010001
0001110

Graph 201, order 7.
0000111
0000101
0000011
0000001
1100000
1010000
1111000

Graph 202, order 7.
0000111
0000101
0000011
0000000
1100001
1010000
1110100

Graph 203, order 7.
0000111
0000101
0000010
0000001
1100001
1010000
1101100

Graph 204, order 7.
0000111
0000100
0000011
0000001
1100001
1010000
1011100

Graph 205, order 7.
0000110
0000101
0000011
0000001
1100001
1010000
0111100

Graph 206, order 7.
0000111
0000101
0000010
0000000
1100001
1010001
1100110

Graph 207, order 7.
0000110
0000101
0000011
0000000
1100001
1010001
0110110

Graph 208, order 7.
0000111
0000100
0000010
0000001
1100001
1010001
1001110

Graph 209, order 7.
0000110
0000101
0000010
0000001
1100001
1010001
0101110

Graph 210, order 7.
0000111
0000101
0000011
0000001
1100001
1010000
1111100

Graph 211, order 7.
0000111
0000101
0000011
0000000
1100001
1010001
1110110

Graph 212, order 7.
0000111
0000101
0000010
0000001
1100001
1010001
1101110

Graph 213, order 7.
0000110
0000101
0000011
0000001
1100001
1010001
0111110

Graph 214, order 7.
0000111
0000101
0000011
0000001
1100001
1010001
1111110

Graph 215, order 7.
0000101
0000101
0000010
0000010
1100000
0011000
1100000

Graph 216, order 7.
0000101
0000101
0000011
0000010
1100000
0011000
1110000

Graph 217, order 7.
0000101
0000101
0000010
0000010
1100001
0011000
1100100

Graph 218, order 7.
0000101
0000100
0000011
0000010
1100001
0011000
1010100

Graph 219, order 7.
0000100
0000100
0000011
0000011
1100001
0011000
0011100

Graph 220, order 7.
0000101
0000100
0000010
0000010
1100001
0011001
1000110

Graph 221, order 7.
0000101
0000101
0000011
0000011
1100000
0011000
1111000

Graph 222, order 7.
0000101
0000101
0000011
0000010
1100001
0011000
1110100

Graph 223, order 7.
0000101
0000100
0000011
0000011
1100001
0011000
1011100

Graph 224, order 7.
0000101
0000101
0000010
0000010
1100001
0011001
1100110

Graph 225, order 7.
0000101
0000100
0000011
0000010
1100001
0011001
1010110

Graph 226, order 7.
0000101
0000101
0000011
0000011
1100001
0011000
1111100

Graph 227, order 7.
0000101
0000101
0000011
0000010
1100001
0011001
1110110

Graph 228, order 7.
0000101
0000101
0000011
0000011
1100001
0011001
1111110

Graph 229, order 7.
0000111
0000111
0000011
0000000
1100000
1110000
1110000

Graph 230, order 7.
0000111
0000111
0000010
0000001
1100000
1110000
1101000

Graph 231, order 7.
0000111
0000111
0000010
0000000
1100001
1110000
1100100

Graph 232, order 7.
0000111
0000111
0000011
0000001
1100000
1110000
1111000

Graph 233, order 7.
0000111
0000111
0000011
0000000
1100001
1110000
1110100

Graph 234, order 7.
0000111
0000111
0000010
0000001
1100001
1110000
1101100

Graph 235, order 7.
0000111
0000110
0000011
0000001
1100001
1110000
1011100

Graph 236, order 7.
0000111
0000111
0000011
0000000
1100000
1110001
1110010

Graph 237, order 7.
0000111
0000111
0000010
0000001
1100000
1110001
1101010

Graph 238, order 7.
0000111
0000111
0000011
0000001
1100001
1110000
1111100

Graph 239, order 7.
0000111
0000111
0000011
0000001
1100000
1110001
1111010

Graph 240, order 7.
0000111
0000111
0000011
0000000
1100001
1110001
1110110

Graph 241, order 7.
0000111
0000111
0000010
0000001
1100001
1110001
1101110

Graph 242, order 7.
0000111
0000110
0000011
0000001
1100001
1110001
1011110

Graph 243, order 7.
0000111
0000111
0000011
0000001
1100001
1110001
1111110

Graph 244, order 7.
0000110
0000101
0000011
0000011
1100000
1011000
0111000

Graph 245, order 7.
0000110
0000101
0000011
0000010
1100001
1011000
0110100

Graph 246, order 7.
0000110
0000100
0000011
0000011
1100001
1011000
0011100

Graph 247, order 7.
0000111
0000101
0000011
0000011
1100000
1011000
1111000

Graph 248, order 7.
0000111
0000101
0000011
0000010
1100001
1011000
1110100

Graph 249, order 7.
0000111
0000100
0000011
0000011
1100001
1011000
1011100

Graph 250, order 7.
0000110
0000101
0000011
0000011
1100001
1011000
0111100

Graph 251, order 7.
0000111
0000101
0000011
0000010
1100000
1011001
1110010

Graph 252, order 7.
0000111
0000100
0000011
0000011
1100000
1011001
1011010

Graph 253, order 7.
0000110
0000101
0000011
0000011
1100000
1011001
0111010

Graph 254, order 7.
0000111
0000101
0000010
0000010
1100001
1011001
1100110

Graph 255, order 7.
0000111
0000101
0000011
0000011
1100001
1011000
1111100

Graph 256, order 7.
0000111
0000101
0000011
0000011
1100000
1011001
1111010

Graph 257, order 7.
0000111
0000101
0000011
0000010
1100001
1011001
1110110

Graph 258, order 7.
0000111
0000100
0000011
0000011
1100001
1011001
1011110

Graph 259, order 7.
0000110
0000101
0000011
0000011
1100001
1011001
0111110

Graph 260, order 7.
0000111
0000101
0000011
0000011
1100001
1011001
1111110

Graph 261, order 7.
0000111
0000111
0000001
0000001
1100010
1100100
1111000

Graph 262, order 7.
0000111
0000111
0000001
0000000
1100011
1100100
1110100

Graph 263, order 7.
0000111
0000111
0000000
0000000
1100011
1100101
1100110

Graph 264, order 7.
0000111
0000111
0000001
0000001
1100011
1100100
1111100

Graph 265, order 7.
0000111
0000111
0000001
0000000
1100011
1100101
1110110

Graph 266, order 7.
0000111
0000110
0000001
0000001
1100011
1100101
1011110

Graph 267, order 7.
0000111
0000111
0000001
0000001
1100011
1100101
1111110

Graph 268, order 7.
0000111
0000101
0000011
0000001
1100010
1010100
1111000

Graph 269, order 7.
0000111
0000101
0000011
0000000
1100011
1010100
1110100

Graph 270, order 7.
0000111
0000101
0000010
0000001
1100011
1010100
1101100

Graph 271, order 7.
0000111
0000100
0000011
0000001
1100011
1010100
1011100

Graph 272, order 7.
0000110
0000101
0000011
0000001
1100011
1010100
0111100

Graph 273, order 7.
0000111
0000101
0000010
0000000
1100011
1010101
1100110

Graph 274, order 7.
0000110
0000101
0000011
0000000
1100011
1010101
0110110

Graph 275, order 7.
0000111
0000100
0000010
0000001
1100011
1010101
1001110

Graph 276, order 7.
0000111
0000101
0000011
0000001
1100011
1010100
1111100

Graph 277, order 7.
0000111
0000101
0000011
0000000
1100011
1010101
1110110

Graph 278, order 7.
0000111
0000101
0000010
0000001
1100011
1010101
1101110

Graph 279, order 7.
0000110
0000101
0000011
0000001
1100011
1010101
0111110

Graph 280, order 7.
0000111
0000101
0000011
0000001
1100011
1010101
1111110

Graph 281, order 7.
0000101
0000101
0000011
0000011
1100010
0011100
1111000

Graph 282, order 7.
0000101
0000101
0000011
0000010
1100011
0011100
1110100

Graph 283, order 7.
0000101
0000100
0000011
0000011
1100011
0011100
1011100

Graph 284, order 7.
0000101
0000101
0000010
0000010
1100011
0011101
1100110

Graph 285, order 7.
0000101
0000100
0000011
0000010
1100011
0011101
1010110

Graph 286, order 7.
0000101
0000101
0000011
0000011
1100011
0011100
1111100

Graph 287, order 7.
0000101
0000101
0000011
0000010
1100011
0011101
1110110

Graph 288, order 7.
0000101
0000101
0000011
0000011
1100011
0011101
1111110

Graph 289, order 7.
0000111
0000111
0000011
0000011
1100000
1111000
1111000

Graph 290, order 7.
0000111
0000111
0000011
0000011
1100001
1111000
1111100

Graph 291, order 7.
0000111
0000111
0000011
0000011
1100000
1111001
1111010

Graph 292, order 7.
0000111
0000111
0000011
0000011
1100001
1111001
1111110

Graph 293, order 7.
0000111
0000111
0000011
0000001
1100010
1110100
1111000

Graph 294, order 7.
0000111
0000111
0000011
0000001
1100011
1110100
1111100

Graph 295, order 7.
0000111
0000111
0000011
0000001
1100010
1110101
1111010

Graph 296, order 7.
0000111
0000111
0000011
0000000
1100011
1110101
1110110

Graph 297, order 7.
0000111
0000111
0000010
0000001
1100011
1110101
1101110

Graph 298, order 7.
0000111
0000111
0000011
0000001
1100011
1110101
1111110

Graph 299, order 7.
0000111
0000101
0000011
0000011
1100010
1011100
1111000

Graph 300, order 7.
0000111
0000101
0000011
0000011
1100011
1011100
1111100

Graph 301, order 7.
0000111
0000101
0000011
0000011
1100010
1011101
1111010

Graph 302, order 7.
0000111
0000101
0000011
0000010
1100011
1011101
1110110

Graph 303, order 7.
0000111
0000100
0000011
0000011
1100011
1011101
1011110

Graph 304, order 7.
0000110
0000101
0000011
0000011
1100011
1011101
0111110

Graph 305, order 7.
0000111
0000101
0000011
0000011
1100011
1011101
1111110

Graph 306, order 7.
0000111
0000111
0000011
0000011
1100011
1111100
1111100

Graph 307, order 7.
0000111
0000111
0000011
0000011
1100011
1111101
1111110

Graph 308, order 7.
0000111
0000111
0000111
0000000
1110000
1110000
1110000

Graph 309, order 7.
0000111
0000111
0000111
0000001
1110000
1110000
1111000

Graph 310, order 7.
0000111
0000111
0000111
0000000
1110001
1110000
1110100

Graph 311, order 7.
0000111
0000111
0000110
0000000
1110001
1110001
1100110

Graph 312, order 7.
0000111
0000110
0000110
0000001
1110001
1110001
1001110

Graph 313, order 7.
0000111
0000111
0000111
0000001
1110001
1110000
1111100

Graph 314, order 7.
0000111
0000111
0000111
0000000
1110001
1110001
1110110

Graph 315, order 7.
0000111
0000111
0000110
0000001
1110001
1110001
1101110

Graph 316, order 7.
0000111
0000111
0000111
0000001
1110001
1110001
1111110

Graph 317, order 7.
0000111
0000111
0000101
0000011
1110000
1101000
1111000

Graph 318, order 7.
0000111
0000111
0000101
0000010
1110001
1101000
1110100

Graph 319, order 7.
0000111
0000111
0000100
0000011
1110001
1101000
1101100

Graph 320, order 7.
0000111
0000110
0000101
0000011
1110001
1101000
1011100

Graph 321, order 7.
0000111
0000111
0000100
0000010
1110001
1101001
1100110

Graph 322, order 7.
0000111
0000110
0000101
0000010
1110001
1101001
1010110

Graph 323, order 7.
0000110
0000110
0000101
0000011
1110001
1101001
0011110

Graph 324, order 7.
0000111
0000111
0000101
0000011
1110001
1101000
1111100

Graph 325, order 7.
0000111
0000111
0000101
0000010
1110001
1101001
1110110

Graph 326, order 7.
0000111
0000110
0000101
0000011
1110001
1101001
1011110

Graph 327, order 7.
0000111
0000111
0000101
0000011
1110001
1101001
1111110

Graph 328, order 7.
0000111
0000111
0000111
0000011
1110000
1111000
1111000

Graph 329, order 7.
0000111
0000111
0000111
0000010
1110001
1111000
1110100

Graph 330, order 7.
0000111
0000111
0000110
0000011
1110001
1111000
1101100

Graph 331, order 7.
0000111
0000111
0000111
0000011
1110001
1111000
1111100

Graph 332, order 7.
0000111
0000111
0000111
0000011
1110000
1111001
1111010

Graph 333, order 7.
0000111
0000111
0000111
0000011
1110001
1111001
1111110

Graph 334, order 7.
0000111
0000111
0000111
0000001
1110011
1110100
1111100

Graph 335, order 7.
0000111
0000111
0000111
0000000
1110011
1110101
1110110

Graph 336, order 7.
0000111
0000111
0000110
0000001
1110011
1110101
1101110

Graph 337, order 7.
0000111
0000111
0000111
0000001
1110011
1110101
1111110

Graph 338, order 7.
0000111
0000111
0000101
0000011
1110011
1101100
1111100

Graph 339, order 7.
0000111
0000110
0000101
0000011
1110011
1101101
1011110

Graph 340, order 7.
0000111
0000111
0000101
0000011
1110011
1101101
1111110

Graph 341, order 7.
0000111
0000111
0000111
0000011
1110011
1111101
1111110

Graph 342, order 7.
0000111
0000111
0000111
0000111
1111000
1111000
1111000

Graph 343, order 7.
0000111
0000111
0000111
0000111
1111001
1111000
1111100

Graph 344, order 7.
0000111
0000111
0000111
0000110
1111001
1111001
1110110

Graph 345, order 7.
0000111
0000111
0000111
0000111
1111001
1111001
1111110

Graph 346, order 7.
0000111
0000111
0000111
0000111
1111011
1111101
1111110

Graph 347, order 7.
0001001
0000101
0000010
1000000
0100000
0010000
1100000

Graph 348, order 7.
0001001
0000100
0000010
1000001
0100000
0010000
1001000

Graph 349, order 7.
0001001
0000101
0000011
1000000
0100000
0010000
1110000

Graph 350, order 7.
0001001
0000101
0000010
1000001
0100000
0010000
1101000

Graph 351, order 7.
0001001
0000101
0000011
1000001
0100000
0010000
1111000

Graph 352, order 7.
0001001
0000101
0000010
1000001
0100001
0010000
1101100

Graph 353, order 7.
0001001
0000101
0000011
1000001
0100001
0010000
1111100

Graph 354, order 7.
0001001
0000101
0000011
1000001
0100001
0010001
1111110

Graph 355, order 7.
0001010
0000101
0000011
1000000
0100000
1010000
0110000

Graph 356, order 7.
0001010
0000100
0000011
1000001
0100000
1010000
0011000

Graph 357, order 7.
0001010
0000101
0000010
1000000
0100001
1010000
0100100

Graph 358, order 7.
0001011
0000101
0000011
1000000
0100000
1010000
1110000

Graph 359, order 7.
0001011
0000101
0000010
1000001
0100000
1010000
1101000

Graph 360, order 7.
0001011
0000100
0000011
1000001
0100000
1010000
1011000

Graph 361, order 7.
0001010
0000101
0000011
1000001
0100000
1010000
0111000

Graph 362, order 7.
0001011
0000101
0000010
1000000
0100001
1010000
1100100

Graph 363, order 7.
0001010
0000101
0000011
1000000
0100001
1010000
0110100

Graph 364, order 7.
0001011
0000101
0000010
1000000
0100000
1010001
1100010

Graph 365, order 7.
0001011
0000101
0000011
1000001
0100000
1010000
1111000

Graph 366, order 7.
0001011
0000101
0000011
1000000
0100001
1010000
1110100

Graph 367, order 7.
0001011
0000101
0000010
1000001
0100001
1010000
1101100

Graph 368, order 7.
0001010
0000101
0000011
1000001
0100001
1010000
0111100

Graph 369, order 7.
0001011
0000101
0000011
1000000
0100000
1010001
1110010

Graph 370, order 7.
0001011
0000100
0000011
1000001
0100000
1010001
1011010

Graph 371, order 7.
0001011
0000101
0000010
1000000
0100001
1010001
1100110

Graph 372, order 7.
0001011
0000101
0000011
1000001
0100001
1010000
1111100

Graph 373, order 7.
0001011
0000101
0000011
1000001
0100000
1010001
1111010

Graph 374, order 7.
0001011
0000101
0000011
1000000
0100001
1010001
1110110

Graph 375, order 7.
0001011
0000101
0000011
1000001
0100001
1010001
1111110

Graph 376, order 7.
0001010
0000101
0000000
1000010
0100001
1001000
0100100

Graph 377, order 7.
0001011
0000101
0000000
1000011
0100000
1001000
1101000

Graph 378, order 7.
0001011
0000100
0000001
1000011
0100000
1001000
1011000

Graph 379, order 7.
0001011
0000101
0000000
1000010
0100001
1001000
1100100

Graph 380, order 7.
0001010
0000101
0000001
1000010
0100001
1001000
0110100

Graph 381, order 7.
0001011
0000100
0000000
1000011
0100000
1001001
1001010

Graph 382, order 7.
0001011
0000101
0000001
1000011
0100000
1001000
1111000

Graph 383, order 7.
0001011
0000101
0000001
1000010
0100001
1001000
1110100

Graph 384, order 7.
0001011
0000101
0000000
1000011
0100001
1001000
1101100

Graph 385, order 7.
0001011
0000101
0000000
1000011
0100000
1001001
1101010

Graph 386, order 7.
0001011
0000100
0000001
1000011
0100000
1001001
1011010

Graph 387, order 7.
0001011
0000101
0000001
1000011
0100001
1001000
1111100

Graph 388, order 7.
0001011
0000101
0000001
1000011
0100000
1001001
1111010

Graph 389, order 7.
0001011
0000101
0000000
1000011
0100001
1001001
1101110

Graph 390, order 7.
0001011
0000101
0000001
1000011
0100001
1001001
1111110

Graph 391, order 7.
0001010
0000110
0000011
1000001
0100001
1110000
0011100

Graph 392, order 7.
0001011
0000111
0000011
1000001
0100000
1110000
1111000

Graph 393, order 7.
0001011
0000111
0000010
1000001
0100001
1110000
1101100

Graph 394, order 7.
0001011
0000110
0000011
1000001
0100001
1110000
1011100

Graph 395, order 7.
0001011
0000111
0000011
1000000
0100000
1110001
1110010

Graph 396, order 7.
0001011
0000111
0000010
1000001
0100000
1110001
1101010

Graph 397, order 7.
0001011
0000110
0000011
1000001
0100000
1110001
1011010

Graph 398, order 7.
0001010
0000111
0000011
1000001
0100000
1110001
0111010

Graph 399, order 7.
0001011
0000110
0000010
1000001
0100001
1110001
1001110

Graph 400, order 7.
0001010
0000110
0000011
1000001
0100001
1110001
0011110

Graph 401, order 7.
0001011
0000111
0000011
1000001
0100001
1110000
1111100

Graph 402, order 7.
0001011
0000111
0000011
1000001
0100000
1110001
1111010

Graph 403, order 7.
0001011
0000111
0000010
1000001
0100001
1110001
1101110

Graph 404, order 7.
0001011
0000110
0000011
1000001
0100001
1110001
1011110

Graph 405, order 7.
0001011
0000111
0000011
1000001
0100001
1110001
1111110

Graph 406, order 7.
0001011
0000111
0000001
1000010
0100000
1101000
1110000

Graph 407, order 7.
0001011
0000111
0000000
1000010
0100001
1101000
1100100

Graph 408, order 7.
0001011
0000111
0000001
1000011
0100000
1101000
1111000

Graph 409, order 7.
0001011
0000111
0000001
1000010
0100001
1101000
1110100

Graph 410, order 7.
0001011
0000111
0000000
1000011
0100001
1101000
1101100

Graph 411, order 7.
0001011
0000110
0000001
1000011
0100001
1101000
1011100

Graph 412, order 7.
0001011
0000111
0000000
1000011
0100000
1101001
1101010

Graph 413, order 7.
0001011
0000111
0000000
1000010
0100001
1101001
1100110

Graph 414, order 7.
0001011
0000110
0000000
1000011
0100001
1101001
1001110

Graph 415, order 7.
0001011
0000111
0000001
1000011
0100001
1101000
1111100

Graph 416, order 7.
0001011
0000111
0000001
1000011
0100000
1101001
1111010

Graph 417, order 7.
0001011
0000111
0000001
1000010
0100001
1101001
1110110

Graph 418, order 7.
0001011
0000111
0000000
1000011
0100001
1101001
1101110

Graph 419, order 7.
0001011
0000110
0000001
1000011
0100001
1101001
1011110

Graph 420, order 7.
0001011
0000111
0000001
1000011
0100001
1101001
1111110

Graph 421, order 7.
0001010
0000101
0000011
1000010
0100001
1011000
0110100

Graph 422, order 7.
0001011
0000101
0000011
1000011
0100000
1011000
1111000

Graph 423, order 7.
0001011
0000101
0000011
1000010
0100001
1011000
1110100

Graph 424, order 7.
0001011
0000101
0000010
1000011
0100001
1011000
1101100

Graph 425, order 7.
0001011
0000101
0000010
1000011
0100000
1011001
1101010

Graph 426, order 7.
0001011
0000100
0000011
1000011
0100000
1011001
1011010

Graph 427, order 7.
0001011
0000101
0000010
1000010
0100001
1011001
1100110

Graph 428, order 7.
0001010
0000101
0000011
1000010
0100001
1011001
0110110

Graph 429, order 7.
0001011
0000101
0000011
1000011
0100001
1011000
1111100

Graph 430, order 7.
0001011
0000101
0000011
1000011
0100000
1011001
1111010

Graph 431, order 7.
0001011
0000101
0000011
1000010
0100001
1011001
1110110

Graph 432, order 7.
0001011
0000101
0000010
1000011
0100001
1011001
1101110

Graph 433, order 7.
0001011
0000101
0000011
1000011
0100001
1011001
1111110

Graph 434, order 7.
0001011
0000111
0000011
1000011
0100000
1111000
1111000

Graph 435, order 7.
0001011
0000111
0000011
1000010
0100001
1111000
1110100

Graph 436, order 7.
0001011
0000111
0000010
1000011
0100001
1111000
1101100

Graph 437, order 7.
0001011
0000110
0000011
1000011
0100001
1111000
1011100

Graph 438, order 7.
0001011
0000111
0000011
1000011
0100001
1111000
1111100

Graph 439, order 7.
0001011
0000111
0000011
1000011
0100000
1111001
1111010

Graph 440, order 7.
0001011
0000111
0000011
1000010
0100001
1111001
1110110

Graph 441, order 7.
0001011
0000111
0000010
1000011
0100001
1111001
1101110

Graph 442, order 7.
0001011
0000110
0000011
1000011
0100001
1111001
1011110

Graph 443, order 7.
0001011
0000111
0000011
1000011
0100001
1111001
1111110

Graph 444, order 7.
0001011
0000111
0000000
1000011
0100011
1101100
1101100

Graph 445, order 7.
0001011
0000111
0000001
1000011
0100011
1101100
1111100

Graph 446, order 7.
0001011
0000111
0000000
1000011
0100011
1101101
1101110

Graph 447, order 7.
0001011
0000111
0000001
1000011
0100011
1101101
1111110

Graph 448, order 7.
0001011
0000111
0000011
1000011
0100011
1111100
1111100

Graph 449, order 7.
0001011
0000111
0000011
1000011
0100011
1111101
1111110

Graph 450, order 7.
0001100
0000110
0000011
1000001
1100000
0110000
0011000

Graph 451, order 7.
0001101
0000111
0000011
1000000
1100000
0110000
1110000

Graph 452, order 7.
0001101
0000111
0000010
1000001
1100000
0110000
1101000

Graph 453, order 7.
0001101
0000110
0000011
1000001
1100000
0110000
1011000

Graph 454, order 7.
0001100
0000111
0000011
1000001
1100000
0110000
0111000

Graph 455, order 7.
0001101
0000111
0000010
1000000
1100001
0110000
1100100

Graph 456, order 7.
0001101
0000110
0000011
1000000
1100001
0110000
1010100

Graph 457, order 7.
0001100
0000111
0000011
1000000
1100001
0110000
0110100

Graph 458, order 7.
0001101
0000111
0000010
1000000
1100000
0110001
1100010

Graph 459, order 7.
0001101
0000110
0000011
1000000
1100000
0110001
1010010

Graph 460, order 7.
0001101
0000111
0000011
1000001
1100000
0110000
1111000

Graph 461, order 7.
0001101
0000111
0000011
1000000
1100001
0110000
1110100

Graph 462, order 7.
0001101
0000111
0000010
1000001
1100001
0110000
1101100

Graph 463, order 7.
0001101
0000110
0000011
1000001
1100001
0110000
1011100

Graph 464, order 7.
0001100
0000111
0000011
1000001
1100001
0110000
0111100

Graph 465, order 7.
0001101
0000111
0000011
1000000
1100000
0110001
1110010

Graph 466, order 7.
0001101
0000111
0000010
1000001
1100000
0110001
1101010

Graph 467, order 7.
0001101
0000110
0000011
1000001
1100000
0110001
1011010

Graph 468, order 7.
0001101
0000111
0000010
1000000
1100001
0110001
1100110

Graph 469, order 7.
0001101
0000111
0000011
1000001
1100001
0110000
1111100

Graph 470, order 7.
0001101
0000111
0000011
1000001
1100000
0110001
1111010

Graph 471, order 7.
0001101
0000111
0000011
1000000
1100001
0110001
1110110

Graph 472, order 7.
0001101
0000111
0000011
1000001
1100001
0110001
1111110

Graph 473, order 7.
0001101
0000111
0000001
1000010
1100000
0101000
1110000

Graph 474, order 7.
0001101
0000111
0000000
1000011
1100000
0101000
1101000

Graph 475, order 7.
0001101
0000111
0000000
1000010
1100001
0101000
1100100

Graph 476, order 7.
0001101
0000111
0000001
1000011
1100000
0101000
1111000

Graph 477, order 7.
0001101
0000111
0000001
1000010
1100001
0101000
1110100

Graph 478, order 7.
0001101
0000111
0000000
1000011
1100001
0101000
1101100

Graph 479, order 7.
0001101
0000111
0000001
1000011
1100001
0101000
1111100

Graph 480, order 7.
0001101
0000111
0000000
1000011
1100001
0101001
1101110

Graph 481, order 7.
0001101
0000111
0000001
1000011
1100001
0101001
1111110

Graph 482, order 7.
0001111
0000111
0000011
1000001
1100000
1110000
1111000

Graph 483, order 7.
0001111
0000111
0000011
1000000
1100001
1110000
1110100

Graph 484, order 7.
0001111
0000111
0000010
1000001
1100001
1110000
1101100

Graph 485, order 7.
0001111
0000110
0000011
1000001
1100001
1110000
1011100

Graph 486, order 7.
0001110
0000111
0000011
1000001
1100001
1110000
0111100

Graph 487, order 7.
0001111
0000111
0000010
1000000
1100001
1110001
1100110

Graph 488, order 7.
0001111
0000111
0000011
1000001
1100001
1110000
1111100

Graph 489, order 7.
0001111
0000111
0000011
1000001
1100000
1110001
1111010

Graph 490, order 7.
0001111
0000111
0000011
1000000
1100001
1110001
1110110

Graph 491, order 7.
0001111
0000111
0000011
1000001
1100001
1110001
1111110

Graph 492, order 7.
0001110
0000111
0000000
1000011
1100001
1101000
0101100

Graph 493, order 7.
0001111
0000111
0000000
1000011
1100001
1101000
1101100

Graph 494, order 7.
0001110
0000111
0000001
1000011
1100001
1101000
0111100

Graph 495, order 7.
0001111
0000111
0000001
1000010
1100000
1101001
1110010

Graph 496, order 7.
0001111
0000111
0000000
1000010
1100001
1101001
1100110

Graph 497, order 7.
0001111
0000111
0000001
1000011
1100001
1101000
1111100

Graph 498, order 7.
0001111
0000111
0000001
1000011
1100000
1101001
1111010

Graph 499, order 7.
0001111
0000111
0000001
1000010
1100001
1101001
1110110

Graph 500, order 7.
0001111
0000111
0000000
1000011
1100001
1101001
1101110

Graph 501, order 7.
0001111
0000111
0000001
1000011
1100001
1101001
1111110

Graph 502, order 7.
0001101
0000111
0000011
1000010
1100000
0111000
1110000

Graph 503, order 7.
0001101
0000110
0000011
1000010
1100001
0111000
1010100

Graph 504, order 7.
0001101
0000111
0000011
1000011
1100000
0111000
1111000

Graph 505, order 7.
0001101
0000111
0000011
1000010
1100001
0111000
1110100

Graph 506, order 7.
0001101
0000111
0000010
1000011
1100001
0111000
1101100

Graph 507, order 7.
0001101
0000111
0000010
1000011
1100000
0111001
1101010

Graph 508, order 7.
0001100
0000111
0000011
1000011
1100000
0111001
0111010

Graph 509, order 7.
0001101
0000111
0000011
1000011
1100001
0111000
1111100

Graph 510, order 7.
0001101
0000111
0000011
1000011
1100000
0111001
1111010

Graph 511, order 7.
0001101
0000111
0000011
1000010
1100001
0111001
1110110

Graph 512, order 7.
0001101
0000111
0000010
1000011
1100001
0111001
1101110

Graph 513, order 7.
0001101
0000111
0000011
1000011
1100001
0111001
1111110

Graph 514, order 7.
0001110
0000111
0000001
1000001
1100011
1100100
0111100

Graph 515, order 7.
0001111
0000111
0000000
1000000
1100011
1100101
1100110

Graph 516, order 7.
0001111
0000110
0000001
1000000
1100011
1100101
1010110

Graph 517, order 7.
0001111
0000110
0000000
1000001
1100011
1100101
1001110

Graph 518, order 7.
0001110
0000111
0000000
1000001
1100011
1100101
0101110

Graph 519, order 7.
0001110
0000110
0000001
1000001
1100011
1100101
0011110

Graph 520, order 7.
0001111
0000111
0000001
1000001
1100011
1100100
1111100

Graph 521, order 7.
0001111
0000111
0000001
1000000
1100011
1100101
1110110

Graph 522, order 7.
0001111
0000111
0000000
1000001
1100011
1100101
1101110

Graph 523, order 7.
0001111
0000110
0000001
1000001
1100011
1100101
1011110

Graph 524, order 7.
0001110
0000111
0000001
1000001
1100011
1100101
0111110

Graph 525, order 7.
0001111
0000111
0000001
1000001
1100011
1100101
1111110

Graph 526, order 7.
0001111
0000101
0000011
1000001
1100010
1010100
1111000

Graph 527, order 7.
0001111
0000101
0000011
1000001
1100011
1010100
1111100

Graph 528, order 7.
0001111
0000101
0000011
1000000
1100011
1010101
1110110

Graph 529, order 7.
0001111
0000101
0000011
1000001
1100011
1010101
1111110

Graph 530, order 7.
0001110
0000111
0000011
1000011
1100001
1111000
0111100

Graph 531, order 7.
0001111
0000111
0000011
1000011
1100001
1111000
1111100

Graph 532, order 7.
0001111
0000111
0000011
1000011
1100000
1111001
1111010

Graph 533, order 7.
0001111
0000111
0000010
1000011
1100001
1111001
1101110

Graph 534, order 7.
0001110
0000111
0000011
1000011
1100001
1111001
0111110

Graph 535, order 7.
0001111
0000111
0000011
1000011
1100001
1111001
1111110

Graph 536, order 7.
0001111
0000111
0000011
1000001
1100011
1110100
1111100

Graph 537, order 7.
0001111
0000111
0000011
1000001
1100010
1110101
1111010

Graph 538, order 7.
0001111
0000111
0000011
1000000
1100011
1110101
1110110

Graph 539, order 7.
0001111
0000111
0000010
1000001
1100011
1110101
1101110

Graph 540, order 7.
0001111
0000110
0000011
1000001
1100011
1110101
1011110

Graph 541, order 7.
0001110
0000111
0000011
1000001
1100011
1110101
0111110

Graph 542, order 7.
0001111
0000111
0000011
1000001
1100011
1110101
1111110

Graph 543, order 7.
0001111
0000111
0000001
1000011
1100011
1101100
1111100

Graph 544, order 7.
0001111
0000111
0000000
1000011
1100011
1101101
1101110

Graph 545, order 7.
0001111
0000111
0000001
1000011
1100011
1101101
1111110

Graph 546, order 7.
0001111
0000111
0000011
1000011
1100011
1111100
1111100

Graph 547, order 7.
0001111
0000111
0000011
1000011
1100011
1111101
1111110

Graph 548, order 7.
0001001
0000111
0000111
1000000
0110000
0110000
1110000

Graph 549, order 7.
0001001
0000111
0000110
1000001
0110000
0110000
1101000

Graph 550, order 7.
0001000
0000111
0000111
1000000
0110001
0110000
0110100

Graph 551, order 7.
0001001
0000111
0000111
1000001
0110000
0110000
1111000

Graph 552, order 7.
0001001
0000111
0000111
1000000
0110001
0110000
1110100

Graph 553, order 7.
0001001
0000111
0000110
1000001
0110001
0110000
1101100

Graph 554, order 7.
0001000
0000111
0000111
1000000
0110001
0110001
0110110

Graph 555, order 7.
0001001
0000111
0000111
1000001
0110001
0110000
1111100

Graph 556, order 7.
0001001
0000111
0000111
1000000
0110001
0110001
1110110

Graph 557, order 7.
0001001
0000111
0000111
1000001
0110001
0110001
1111110

Graph 558, order 7.
0001011
0000111
0000111
1000000
0110000
1110000
1110000

Graph 559, order 7.
0001010
0000111
0000111
1000001
0110000
1110000
0111000

Graph 560, order 7.
0001011
0000111
0000110
1000000
0110001
1110000
1100100

Graph 561, order 7.
0001010
0000111
0000111
1000000
0110001
1110000
0110100

Graph 562, order 7.
0001011
0000110
0000110
1000001
0110001
1110000
1001100

Graph 563, order 7.
0001011
0000111
0000111
1000001
0110000
1110000
1111000

Graph 564, order 7.
0001011
0000111
0000111
1000000
0110001
1110000
1110100

Graph 565, order 7.
0001011
0000111
0000110
1000001
0110001
1110000
1101100

Graph 566, order 7.
0001010
0000111
0000111
1000001
0110001
1110000
0111100

Graph 567, order 7.
0001011
0000111
0000111
1000000
0110000
1110001
1110010

Graph 568, order 7.
0001011
0000111
0000110
1000001
0110000
1110001
1101010

Graph 569, order 7.
0001010
0000111
0000111
1000001
0110000
1110001
0111010

Graph 570, order 7.
0001011
0000111
0000111
1000001
0110001
1110000
1111100

Graph 571, order 7.
0001011
0000111
0000111
1000001
0110000
1110001
1111010

Graph 572, order 7.
0001011
0000111
0000111
1000000
0110001
1110001
1110110

Graph 573, order 7.
0001011
0000111
0000110
1000001
0110001
1110001
1101110

Graph 574, order 7.
0001010
0000111
0000111
1000001
0110001
1110001
0111110

Graph 575, order 7.
0001011
0000111
0000111
1000001
0110001
1110001
1111110

Graph 576, order 7.
0001011
0000111
0000101
1000010
0110000
1101000
1110000

Graph 577, order 7.
0001011
0000111
0000100
1000010
0110001
1101000
1100100

Graph 578, order 7.
0001011
0000110
0000101
1000010
0110001
1101000
1010100

Graph 579, order 7.
0001011
0000110
0000100
1000011
0110001
1101000
1001100

Graph 580, order 7.
0001011
0000111
0000101
1000011
0110000
1101000
1111000

Graph 581, order 7.
0001011
0000111
0000101
1000010
0110001
1101000
1110100

Graph 582, order 7.
0001011
0000111
0000100
1000011
0110001
1101000
1101100

Graph 583, order 7.
0001011
0000110
0000101
1000011
0110001
1101000
1011100

Graph 584, order 7.
0001011
0000111
0000100
1000011
0110000
1101001
1101010

Graph 585, order 7.
0001011
0000110
0000101
1000011
0110000
1101001
1011010

Graph 586, order 7.
0001011
0000111
0000101
1000011
0110001
1101000
1111100

Graph 587, order 7.
0001011
0000111
0000101
1000011
0110000
1101001
1111010

Graph 588, order 7.
0001011
0000111
0000101
1000010
0110001
1101001
1110110

Graph 589, order 7.
0001011
0000111
0000100
1000011
0110001
1101001
1101110

Graph 590, order 7.
0001011
0000110
0000101
1000011
0110001
1101001
1011110

Graph 591, order 7.
0001011
0000111
0000101
1000011
0110001
1101001
1111110

Graph 592, order 7.
0001011
0000111
0000101
1000001
0110010
1100100
1111000

Graph 593, order 7.
0001011
0000111
0000100
1000001
0110011
1100100
1101100

Graph 594, order 7.
0001011
0000110
0000101
1000001
0110011
1100100
1011100

Graph 595, order 7.
0001010
0000111
0000101
1000001
0110011
1100100
0111100

Graph 596, order 7.
0001011
0000111
0000101
1000000
0110010
1100101
1110010

Graph 597, order 7.
0001011
0000111
0000100
1000001
0110010
1100101
1101010

Graph 598, order 7.
0001011
0000110
0000101
1000001
0110010
1100101
1011010

Graph 599, order 7.
0001010
0000111
0000101
1000001
0110010
1100101
0111010

Graph 600, order 7.
0001011
0000111
0000100
1000000
0110011
1100101
1100110

Graph 601, order 7.
0001011
0000110
0000101
1000000
0110011
1100101
1010110

Graph 602, order 7.
0001011
0000110
0000100
1000001
0110011
1100101
1001110

Graph 603, order 7.
0001010
0000111
0000100
1000001
0110011
1100101
0101110

Graph 604, order 7.
0001010
0000110
0000101
1000001
0110011
1100101
0011110

Graph 605, order 7.
0001011
0000111
0000101
1000001
0110011
1100100
1111100

Graph 606, order 7.
0001011
0000111
0000101
1000001
0110010
1100101
1111010

Graph 607, order 7.
0001011
0000111
0000101
1000000
0110011
1100101
1110110

Graph 608, order 7.
0001011
0000111
0000100
1000001
0110011
1100101
1101110

Graph 609, order 7.
0001011
0000110
0000101
1000001
0110011
1100101
1011110

Graph 610, order 7.
0001010
0000111
0000101
1000001
0110011
1100101
0111110

Graph 611, order 7.
0001011
0000111
0000101
1000001
0110011
1100101
1111110

Graph 612, order 7.
0001001
0000111
0000111
1000001
0110010
0110100
1111000

Graph 613, order 7.
0001001
0000111
0000111
1000000
0110011
0110100
1110100

Graph 614, order 7.
0001001
0000111
0000110
1000001
0110011
0110100
1101100

Graph 615, order 7.
0001001
0000111
0000110
1000000
0110011
0110101
1100110

Graph 616, order 7.
0001000
0000111
0000111
1000000
0110011
0110101
0110110

Graph 617, order 7.
0001001
0000110
0000110
1000001
0110011
0110101
1001110

Graph 618, order 7.
0001001
0000111
0000111
1000001
0110011
0110100
1111100

Graph 619, order 7.
0001001
0000111
0000111
1000000
0110011
0110101
1110110

Graph 620, order 7.
0001001
0000111
0000110
1000001
0110011
0110101
1101110

Graph 621, order 7.
0001001
0000111
0000111
1000001
0110011
0110101
1111110

Graph 622, order 7.
0001011
0000101
0000101
1000011
0110010
1001100
1111000

Graph 623, order 7.
0001011
0000101
0000101
1000010
0110011
1001100
1110100

Graph 624, order 7.
0001011
0000101
0000100
1000011
0110011
1001100
1101100

Graph 625, order 7.
0001011
0000101
0000101
1000010
0110010
1001101
1110010

Graph 626, order 7.
0001011
0000101
0000100
1000011
0110010
1001101
1101010

Graph 627, order 7.
0001011
0000100
0000100
1000011
0110011
1001101
1001110

Graph 628, order 7.
0001011
0000101
0000101
1000011
0110011
1001100
1111100

Graph 629, order 7.
0001011
0000101
0000101
1000011
0110010
1001101
1111010

Graph 630, order 7.
0001011
0000101
0000101
1000010
0110011
1001101
1110110

Graph 631, order 7.
0001011
0000101
0000100
1000011
0110011
1001101
1101110

Graph 632, order 7.
0001011
0000101
0000101
1000011
0110011
1001101
1111110

Graph 633, order 7.
0001011
0000111
0000111
1000011
0110000
1111000
1111000

Graph 634, order 7.
0001011
0000111
0000111
1000011
0110001
1111000
1111100

Graph 635, order 7.
0001011
0000111
0000111
1000011
0110000
1111001
1111010

Graph 636, order 7.
0001011
0000111
0000111
1000011
0110001
1111001
1111110

Graph 637, order 7.
0001011
0000111
0000111
1000001
0110010
1110100
1111000

Graph 638, order 7.
0001011
0000111
0000111
1000001
0110011
1110100
1111100

Graph 639, order 7.
0001011
0000111
0000111
1000001
0110010
1110101
1111010

Graph 640, order 7.
0001011
0000111
0000111
1000000
0110011
1110101
1110110

Graph 641, order 7.
0001011
0000111
0000110
1000001
0110011
1110101
1101110

Graph 642, order 7.
0001010
0000111
0000111
1000001
0110011
1110101
0111110

Graph 643, order 7.
0001011
0000111
0000111
1000001
0110011
1110101
1111110

Graph 644, order 7.
0001011
0000111
0000101
1000011
0110010
1101100
1111000

Graph 645, order 7.
0001011
0000111
0000101
1000011
0110011
1101100
1111100

Graph 646, order 7.
0001011
0000111
0000101
1000011
0110010
1101101
1111010

Graph 647, order 7.
0001011
0000111
0000100
1000011
0110011
1101101
1101110

Graph 648, order 7.
0001011
0000110
0000101
1000011
0110011
1101101
1011110

Graph 649, order 7.
0001011
0000111
0000101
1000011
0110011
1101101
1111110

Graph 650, order 7.
0001011
0000111
0000111
1000011
0110011
1111100
1111100

Graph 651, order 7.
0001011
0000111
0000111
1000011
0110011
1111101
1111110

Graph 652, order 7.
0001100
0000011
0000011
1000100
1001000
0110000
0110000

Graph 653, order 7.
0001101
0000011
0000010
1000101
1001000
0110000
1101000

Graph 654, order 7.
0001101
0000010
0000010
1000101
1001001
0110000
1001100

Graph 655, order 7.
0001101
0000011
0000010
1000100
1001000
0110001
1100010

Graph 656, order 7.
0001100
0000011
0000011
1000100
1001000
0110001
0110010

Graph 657, order 7.
0001101
0000010
0000010
1000101
1001000
0110001
1001010

Graph 658, order 7.
0001101
0000011
0000011
1000101
1001000
0110000
1111000

Graph 659, order 7.
0001101
0000011
0000010
1000101
1001001
0110000
1101100

Graph 660, order 7.
0001101
0000011
0000011
1000100
1001000
0110001
1110010

Graph 661, order 7.
0001101
0000011
0000010
1000101
1001000
0110001
1101010

Graph 662, order 7.
0001101
0000010
0000010
1000101
1001001
0110001
1001110

Graph 663, order 7.
0001101
0000011
0000011
1000101
1001001
0110000
1111100

Graph 664, order 7.
0001101
0000011
0000011
1000101
1001000
0110001
1111010

Graph 665, order 7.
0001101
0000011
0000010
1000101
1001001
0110001
1101110

Graph 666, order 7.
0001101
0000011
0000011
1000101
1001001
0110001
1111110

Graph 667, order 7.
0001111
0000000
0000000
1000111
1001011
1001101
1001110

Graph 668, order 7.
0001111
0000001
0000001
1000111
1001011
1001100
1111100

Graph 669, order 7.
0001111
0000001
0000000
1000111
1001011
1001101
1101110

Graph 670, order 7.
0001111
0000001
0000001
1000111
1001011
1001101
1111110

Graph 671, order 7.
0001111
0000011
0000011
1000111
1001001
1111000
1111100

Graph 672, order 7.
0001111
0000011
0000011
1000111
1001000
1111001
1111010

Graph 673, order 7.
0001111
0000011
0000011
1000110
1001001
1111001
1110110

Graph 674, order 7.
0001111
0000011
0000010
1000111
1001001
1111001
1101110

Graph 675, order 7.
0001111
0000011
0000011
1000111
1001001
1111001
1111110

Graph 676, order 7.
0001111
0000011
0000001
1000111
1001011
1101100
1111100

Graph 677, order 7.
0001111
0000011
0000000
1000111
1001011
1101101
1101110

Graph 678, order 7.
0001111
0000010
0000001
1000111
1001011
1101101
1011110

Graph 679, order 7.
0001111
0000011
0000001
1000111
1001011
1101101
1111110

Graph 680, order 7.
0001111
0000011
0000011
1000111
1001011
1111100
1111100

Graph 681, order 7.
0001111
0000011
0000011
1000111
1001011
1111101
1111110

Graph 682, order 7.
0001111
0000111
0000111
1000001
1110000
1110000
1111000

Graph 683, order 7.
0001111
0000111
0000111
1000000
1110001
1110000
1110100

Graph 684, order 7.
0001110
0000111
0000111
1000001
1110001
1110000
0111100

Graph 685, order 7.
0001111
0000111
0000110
1000000
1110001
1110001
1100110

Graph 686, order 7.
0001110
0000111
0000111
1000000
1110001
1110001
0110110

Graph 687, order 7.
0001111
0000110
0000110
1000001
1110001
1110001
1001110

Graph 688, order 7.
0001110
0000111
0000110
1000001
1110001
1110001
0101110

Graph 689, order 7.
0001111
0000111
0000111
1000001
1110001
1110000
1111100

Graph 690, order 7.
0001111
0000111
0000111
1000000
1110001
1110001
1110110

Graph 691, order 7.
0001111
0000111
0000110
1000001
1110001
1110001
1101110

Graph 692, order 7.
0001110
0000111
0000111
1000001
1110001
1110001
0111110

Graph 693, order 7.
0001111
0000111
0000111
1000001
1110001
1110001
1111110

Graph 694, order 7.
0001101
0000111
0000111
1000010
1110000
0111000
1110000

Graph 695, order 7.
0001101
0000111
0000111
1000011
1110000
0111000
1111000

Graph 696, order 7.
0001101
0000111
0000111
1000010
1110001
0111000
1110100

Graph 697, order 7.
0001101
0000111
0000110
1000010
1110001
0111001
1100110

Graph 698, order 7.
0001100
0000111
0000111
1000010
1110001
0111001
0110110

Graph 699, order 7.
0001101
0000110
0000110
1000011
1110001
0111001
1001110

Graph 700, order 7.
0001101
0000111
0000111
1000011
1110001
0111000
1111100

Graph 701, order 7.
0001101
0000111
0000111
1000010
1110001
0111001
1110110

Graph 702, order 7.
0001101
0000111
0000110
1000011
1110001
0111001
1101110

Graph 703, order 7.
0001101
0000111
0000111
1000011
1110001
0111001
1111110

Graph 704, order 7.
0001110
0000111
0000111
1000011
1110001
1111000
0111100

Graph 705, order 7.
0001111
0000111
0000111
1000011
1110001
1111000
1111100

Graph 706, order 7.
0001111
0000111
0000111
1000011
1110000
1111001
1111010

Graph 707, order 7.
0001110
0000111
0000111
1000011
1110001
1111001
0111110

Graph 708, order 7.
0001111
0000111
0000111
1000011
1110001
1111001
1111110

Graph 709, order 7.
0001111
0000111
0000111
1000001
1110011
1110100
1111100

Graph 710, order 7.
0001111
0000111
0000111
1000000
1110011
1110101
1110110

Graph 711, order 7.
0001111
0000111
0000110
1000001
1110011
1110101
1101110

Graph 712, order 7.
0001110
0000111
0000111
1000001
1110011
1110101
0111110

Graph 713, order 7.
0001111
0000111
0000111
1000001
1110011
1110101
1111110

Graph 714, order 7.
0001111
0000111
0000101
1000011
1110011
1101100
1111100

Graph 715, order 7.
0001111
0000111
0000101
1000011
1110010
1101101
1111010

Graph 716, order 7.
0001111
0000111
0000100
1000011
1110011
1101101
1101110

Graph 717, order 7.
0001111
0000110
0000101
1000011
1110011
1101101
1011110

Graph 718, order 7.
0001111
0000111
0000101
1000011
1110011
1101101
1111110

Graph 719, order 7.
0001101
0000111
0000110
1000011
1110011
0111101
1101110

Graph 720, order 7.
0001101
0000111
0000111
1000011
1110011
0111101
1111110

Graph 721, order 7.
0001111
0000111
0000111
1000011
1110011
1111101
1111110

Graph 722, order 7.
0001111
0000111
0000011
1000100
1101001
1110000
1110100

Graph 723, order 7.
0001111
0000111
0000010
1000101
1101001
1110000
1101100

Graph 724, order 7.
0001111
0000110
0000011
1000101
1101001
1110000
1011100

Graph 725, order 7.
0001110
0000111
0000011
1000101
1101001
1110000
0111100

Graph 726, order 7.
0001111
0000111
0000011
1000100
1101000
1110001
1110010

Graph 727, order 7.
0001111
0000111
0000010
1000101
1101000
1110001
1101010

Graph 728, order 7.
0001111
0000110
0000011
1000101
1101000
1110001
1011010

Graph 729, order 7.
0001110
0000111
0000011
1000101
1101000
1110001
0111010

Graph 730, order 7.
0001111
0000110
0000011
1000100
1101001
1110001
1010110

Graph 731, order 7.
0001110
0000111
0000011
1000100
1101001
1110001
0110110

Graph 732, order 7.
0001111
0000110
0000010
1000101
1101001
1110001
1001110

Graph 733, order 7.
0001110
0000111
0000010
1000101
1101001
1110001
0101110

Graph 734, order 7.
0001110
0000110
0000011
1000101
1101001
1110001
0011110

Graph 735, order 7.
0001111
0000111
0000011
1000101
1101001
1110000
1111100

Graph 736, order 7.
0001111
0000111
0000011
1000101
1101000
1110001
1111010

Graph 737, order 7.
0001111
0000111
0000011
1000100
1101001
1110001
1110110

Graph 738, order 7.
0001111
0000111
0000010
1000101
1101001
1110001
1101110

Graph 739, order 7.
0001111
0000110
0000011
1000101
1101001
1110001
1011110

Graph 740, order 7.
0001110
0000111
0000011
1000101
1101001
1110001
0111110

Graph 741, order 7.
0001111
0000111
0000011
1000101
1101001
1110001
1111110

Graph 742, order 7.
0001111
0000111
0000000
1000111
1101001
1101000
1101100

Graph 743, order 7.
0001111
0000111
0000000
1000110
1101001
1101001
1100110

Graph 744, order 7.
0001110
0000111
0000001
1000110
1101001
1101001
0110110

Graph 745, order 7.
0001111
0000110
0000000
1000111
1101001
1101001
1001110

Graph 746, order 7.
0001111
0000111
0000001
1000111
1101001
1101000
1111100

Graph 747, order 7.
0001111
0000111
0000001
1000110
1101001
1101001
1110110

Graph 748, order 7.
0001111
0000111
0000000
1000111
1101001
1101001
1101110

Graph 749, order 7.
0001111
0000110
0000001
1000111
1101001
1101001
1011110

Graph 750, order 7.
0001111
0000111
0000001
1000111
1101001
1101001
1111110

Graph 751, order 7.
0001111
0000100
0000011
1000111
1101001
1011000
1011100

Graph 752, order 7.
0001111
0000101
0000010
1000110
1101001
1011001
1100110

Graph 753, order 7.
0001110
0000101
0000011
1000110
1101001
1011001
0110110

Graph 754, order 7.
0001111
0000100
0000010
1000111
1101001
1011001
1001110

Graph 755, order 7.
0001111
0000101
0000011
1000111
1101001
1011000
1111100

Graph 756, order 7.
0001111
0000101
0000011
1000110
1101001
1011001
1110110

Graph 757, order 7.
0001111
0000101
0000010
1000111
1101001
1011001
1101110

Graph 758, order 7.
0001111
0000101
0000011
1000111
1101001
1011001
1111110

Graph 759, order 7.
0001111
0000111
0000011
1000111
1101001
1111000
1111100

Graph 760, order 7.
0001111
0000111
0000011
1000111
1101000
1111001
1111010

Graph 761, order 7.
0001111
0000110
0000011
1000111
1101001
1111001
1011110

Graph 762, order 7.
0001111
0000111
0000011
1000111
1101001
1111001
1111110

Graph 763, order 7.
0001111
0000111
0000001
1000111
1101011
1101100
1111100

Graph 764, order 7.
0001111
0000111
0000000
1000111
1101011
1101101
1101110

Graph 765, order 7.
0001111
0000110
0000001
1000111
1101011
1101101
1011110

Graph 766, order 7.
0001111
0000111
0000001
1000111
1101011
1101101
1111110

Graph 767, order 7.
0001111
0000101
0000011
1000111
1101011
1011101
1111110

Graph 768, order 7.
0001111
0000111
0000011
1000111
1101011
1111101
1111110

Graph 769, order 7.
0001111
0000111
0000111
1000111
1111001
1111000
1111100

Graph 770, order 7.
0001111
0000111
0000111
1000110
1111001
1111001
1110110

Graph 771, order 7.
0001111
0000111
0000110
1000111
1111001
1111001
1101110

Graph 772, order 7.
0001111
0000111
0000111
1000111
1111001
1111001
1111110

Graph 773, order 7.
0001111
0000111
0000111
1000111
1111011
1111101
1111110

Graph 774, order 7.
0001111
0001111
0000011
1100011
1100001
1111000
1111100

Graph 775, order 7.
0001111
0001111
0000011
1100011
1100000
1111001
1111010

Graph 776, order 7.
0001111
0001111
0000011
1100010
1100001
1111001
1110110

Graph 777, order 7.
0001111
0001111
0000010
1100011
1100001
1111001
1101110

Graph 778, order 7.
0001111
0001110
0000011
1100011
1100001
1111001
1011110

Graph 779, order 7.
0001111
0001111
0000011
1100011
1100001
1111001
1111110

Graph 780, order 7.
0001111
0001111
0000000
1100011
1100011
1101100
1101100

Graph 781, order 7.
0001111
0001111
0000001
1100011
1100011
1101100
1111100

Graph 782, order 7.
0001111
0001111
0000000
1100011
1100011
1101101
1101110

Graph 783, order 7.
0001111
0001111
0000001
1100011
1100011
1101101
1111110

Graph 784, order 7.
0001111
0001111
0000011
1100011
1100011
1111100
1111100

Graph 785, order 7.
0001111
0001111
0000011
1100011
1100011
1111101
1111110

Graph 786, order 7.
0001101
0001011
0000111
1100000
1010000
0110000
1110000

Graph 787, order 7.
0001101
0001011
0000110
1100001
1010000
0110000
1101000

Graph 788, order 7.
0001101
0001010
0000111
1100001
1010000
0110000
1011000

Graph 789, order 7.
0001101
0001011
0000111
1100001
1010000
0110000
1111000

Graph 790, order 7.
0001101
0001011
0000110
1100001
1010001
0110000
1101100

Graph 791, order 7.
0001100
0001011
0000111
1100001
1010001
0110000
0111100

Graph 792, order 7.
0001101
0001011
0000111
1100001
1010001
0110000
1111100

Graph 793, order 7.
0001101
0001011
0000111
1100001
1010001
0110001
1111110

Graph 794, order 7.
0001111
0001011
0000111
1100001
1010000
1110000
1111000

Graph 795, order 7.
0001111
0001011
0000110
1100001
1010001
1110000
1101100

Graph 796, order 7.
0001110
0001011
0000111
1100001
1010001
1110000
0111100

Graph 797, order 7.
0001111
0001011
0000111
1100000
1010000
1110001
1110010

Graph 798, order 7.
0001111
0001011
0000110
1100001
1010000
1110001
1101010

Graph 799, order 7.
0001111
0001010
0000111
1100001
1010000
1110001
1011010

Graph 800, order 7.
0001111
0001011
0000111
1100001
1010001
1110000
1111100

Graph 801, order 7.
0001111
0001011
0000111
1100001
1010000
1110001
1111010

Graph 802, order 7.
0001111
0001011
0000111
1100001
1010001
1110001
1111110

Graph 803, order 7.
0001110
0001001
0000111
1100011
1010001
1011000
0111100

Graph 804, order 7.
0001111
0001000
0000111
1100010
1010001
1011001
1010110

Graph 805, order 7.
0001111
0001001
0000111
1100011
1010001
1011000
1111100

Graph 806, order 7.
0001111
0001001
0000111
1100011
1010000
1011001
1111010

Graph 807, order 7.
0001111
0001001
0000111
1100010
1010001
1011001
1110110

Graph 808, order 7.
0001111
0001000
0000111
1100011
1010001
1011001
1011110

Graph 809, order 7.
0001111
0001001
0000111
1100011
1010001
1011001
1111110

Graph 810, order 7.
0001101
0001011
0000111
1100010
1010000
0111000
1110000

Graph 811, order 7.
0001101
0001011
0000110
1100010
1010001
0111000
1100100

Graph 812, order 7.
0001101
0001011
0000111
1100010
1010001
0111000
1110100

Graph 813, order 7.
0001101
0001011
0000110
1100011
1010001
0111000
1101100

Graph 814, order 7.
0001101
0001010
0000111
1100011
1010001
0111000
1011100

Graph 815, order 7.
0001100
0001011
0000111
1100011
1010001
0111000
0111100

Graph 816, order 7.
0001101
0001010
0000111
1100011
1010000
0111001
1011010

Graph 817, order 7.
0001101
0001011
0000111
1100011
1010001
0111000
1111100

Graph 818, order 7.
0001101
0001011
0000111
1100011
1010000
0111001
1111010

Graph 819, order 7.
0001101
0001011
0000110
1100011
1010001
0111001
1101110

Graph 820, order 7.
0001101
0001010
0000111
1100011
1010001
0111001
1011110

Graph 821, order 7.
0001101
0001011
0000111
1100011
1010001
0111001
1111110

Graph 822, order 7.
0001111
0001011
0000111
1100011
1010001
1111000
1111100

Graph 823, order 7.
0001111
0001011
0000111
1100011
1010000
1111001
1111010

Graph 824, order 7.
0001111
0001011
0000111
1100010
1010001
1111001
1110110

Graph 825, order 7.
0001111
0001011
0000110
1100011
1010001
1111001
1101110

Graph 826, order 7.
0001111
0001010
0000111
1100011
1010001
1111001
1011110

Graph 827, order 7.
0001110
0001011
0000111
1100011
1010001
1111001
0111110

Graph 828, order 7.
0001111
0001011
0000111
1100011
1010001
1111001
1111110

Graph 829, order 7.
0001111
0001011
0000101
1100011
1010011
1101100
1111100

Graph 830, order 7.
0001111
0001011
0000100
1100011
1010011
1101101
1101110

Graph 831, order 7.
0001111
0001010
0000101
1100011
1010011
1101101
1011110

Graph 832, order 7.
0001111
0001011
0000101
1100011
1010011
1101101
1111110

Graph 833, order 7.
0001101
0001011
0000110
1100011
1010011
0111100
1101100

Graph 834, order 7.
0001100
0001011
0000111
1100011
1010011
0111100
0111100

Graph 835, order 7.
0001101
0001011
0000111
1100011
1010011
0111100
1111100

Graph 836, order 7.
0001101
0001011
0000110
1100011
1010011
0111101
1101110

Graph 837, order 7.
0001100
0001011
0000111
1100011
1010011
0111101
0111110

Graph 838, order 7.
0001101
0001011
0000111
1100011
1010011
0111101
1111110

Graph 839, order 7.
0001111
0001011
0000111
1100011
1010011
1111100
1111100

Graph 840, order 7.
0001111
0001011
0000111
1100011
1010011
1111101
1111110

Graph 841, order 7.
0001111
0001111
0000111
1100001
1110000
1110000
1111000

Graph 842, order 7.
0001111
0001111
0000111
1100000
1110001
1110000
1110100

Graph 843, order 7.
0001111
0001111
0000110
1100000
1110001
1110001
1100110

Graph 844, order 7.
0001111
0001111
0000111
1100001
1110001
1110000
1111100

Graph 845, order 7.
0001111
0001111
0000111
1100000
1110001
1110001
1110110

Graph 846, order 7.
0001111
0001111
0000111
1100001
1110001
1110001
1111110

Graph 847, order 7.
0001111
0001111
0000101
1100011
1110000
1101000
1111000

Graph 848, order 7.
0001111
0001111
0000101
1100010
1110001
1101000
1110100

Graph 849, order 7.
0001111
0001111
0000100
1100011
1110001
1101000
1101100

Graph 850, order 7.
0001111
0001111
0000100
1100011
1110000
1101001
1101010

Graph 851, order 7.
0001111
0001110
0000101
1100011
1110000
1101001
1011010

Graph 852, order 7.
0001111
0001110
0000100
1100011
1110001
1101001
1001110

Graph 853, order 7.
0001110
0001110
0000101
1100011
1110001
1101001
0011110

Graph 854, order 7.
0001111
0001111
0000101
1100011
1110001
1101000
1111100

Graph 855, order 7.
0001111
0001111
0000101
1100011
1110000
1101001
1111010

Graph 856, order 7.
0001111
0001111
0000100
1100011
1110001
1101001
1101110

Graph 857, order 7.
0001111
0001110
0000101
1100011
1110001
1101001
1011110

Graph 858, order 7.
0001111
0001111
0000101
1100011
1110001
1101001
1111110

Graph 859, order 7.
0001111
0001111
0000111
1100010
1110001
1111000
1110100

Graph 860, order 7.
0001111
0001111
0000111
1100011
1110001
1111000
1111100

Graph 861, order 7.
0001111
0001111
0000111
1100011
1110000
1111001
1111010

Graph 862, order 7.
0001111
0001111
0000111
1100011
1110001
1111001
1111110

Graph 863, order 7.
0001111
0001111
0000111
1100001
1110011
1110100
1111100

Graph 864, order 7.
0001111
0001111
0000111
1100000
1110011
1110101
1110110

Graph 865, order 7.
0001111
0001111
0000111
1100001
1110011
1110101
1111110

Graph 866, order 7.
0001111
0001111
0000111
1100011
1110011
1111101
1111110

Graph 867, order 7.
0001111
0001111
0000011
1100111
1101001
1111000
1111100

Graph 868, order 7.
0001111
0001111
0000011
1100111
1101000
1111001
1111010

Graph 869, order 7.
0001111
0001111
0000011
1100110
1101001
1111001
1110110

Graph 870, order 7.
0001111
0001111
0000011
1100111
1101001
1111001
1111110

Graph 871, order 7.
0001111
0001111
0000001
1100111
1101011
1101100
1111100

Graph 872, order 7.
0001111
0001111
0000000
1100111
1101011
1101101
1101110

Graph 873, order 7.
0001111
0001110
0000001
1100111
1101011
1101101
1011110

Graph 874, order 7.
0001111
0001111
0000001
1100111
1101011
1101101
1111110

Graph 875, order 7.
0001111
0001101
0000011
1100111
1101011
1011100
1111100

Graph 876, order 7.
0001111
0001101
0000011
1100111
1101010
1011101
1111010

Graph 877, order 7.
0001111
0001100
0000011
1100111
1101011
1011101
1011110

Graph 878, order 7.
0001111
0001101
0000011
1100111
1101011
1011101
1111110

Graph 879, order 7.
0001111
0001111
0000011
1100111
1101011
1111101
1111110

Graph 880, order 7.
0001111
0001011
0000111
1100101
1011000
1110000
1111000

Graph 881, order 7.
0001110
0001011
0000111
1100101
1011001
1110000
0111100

Graph 882, order 7.
0001111
0001010
0000111
1100101
1011000
1110001
1011010

Graph 883, order 7.
0001110
0001011
0000111
1100101
1011000
1110001
0111010

Graph 884, order 7.
0001111
0001010
0000110
1100101
1011001
1110001
1001110

Graph 885, order 7.
0001110
0001011
0000110
1100101
1011001
1110001
0101110

Graph 886, order 7.
0001111
0001011
0000111
1100101
1011001
1110000
1111100

Graph 887, order 7.
0001111
0001011
0000111
1100101
1011000
1110001
1111010

Graph 888, order 7.
0001111
0001011
0000110
1100101
1011001
1110001
1101110

Graph 889, order 7.
0001110
0001011
0000111
1100101
1011001
1110001
0111110

Graph 890, order 7.
0001111
0001011
0000111
1100101
1011001
1110001
1111110

Graph 891, order 7.
0001111
0001011
0000111
1100111
1011001
1111000
1111100

Graph 892, order 7.
0001111
0001011
0000111
1100111
1011000
1111001
1111010

Graph 893, order 7.
0001111
0001011
0000111
1100110
1011001
1111001
1110110

Graph 894, order 7.
0001111
0001011
0000111
1100111
1011001
1111001
1111110

Graph 895, order 7.
0001101
0001011
0000111
1100111
1011011
0111100
1111100

Graph 896, order 7.
0001101
0001011
0000110
1100111
1011011
0111101
1101110

Graph 897, order 7.
0001101
0001011
0000111
1100111
1011011
0111101
1111110

Graph 898, order 7.
0001111
0001011
0000111
1100111
1011011
1111101
1111110

Graph 899, order 7.
0001111
0001111
0000111
1100111
1111001
1111000
1111100

Graph 900, order 7.
0001111
0001111
0000111
1100110
1111001
1111001
1110110

Graph 901, order 7.
0001111
0001111
0000110
1100111
1111001
1111001
1101110

Graph 902, order 7.
0001111
0001110
0000111
1100111
1111001
1111001
1011110

Graph 903, order 7.
0001111
0001111
0000111
1100111
1111001
1111001
1111110

Graph 904, order 7.
0001111
0001111
0000111
1100111
1111011
1111101
1111110

Graph 905, order 7.
0001111
0001111
0001111
1110001
1110000
1110000
1111000

Graph 906, order 7.
0001111
0001111
0001110
1110001
1110001
1110000
1101100

Graph 907, order 7.
0001111
0001111
0001111
1110001
1110001
1110000
1111100

Graph 908, order 7.
0001111
0001111
0001111
1110001
1110001
1110001
1111110

Graph 909, order 7.
0001111
0001111
0001111
1110010
1110001
1111000
1110100

Graph 910, order 7.
0001111
0001111
0001111
1110011
1110001
1111000
1111100

Graph 911, order 7.
0001111
0001111
0001111
1110011
1110000
1111001
1111010

Graph 912, order 7.
0001111
0001111
0001111
1110011
1110001
1111001
1111110

Graph 913, order 7.
0001111
0001111
0001111
1110011
1110011
1111100
1111100

Graph 914, order 7.
0001111
0001111
0001111
1110011
1110011
1111101
1111110

Graph 915, order 7.
0001111
0001111
0001111
1110111
1111011
1111101
1111110

Graph 916, order 7.
0010101
0001011
1000101
0100010
1010000
0101000
1110000

Graph 917, order 7.
0010101
0001010
1000101
0100010
1010001
0101000
1010100

Graph 918, order 7.
0010101
0001011
1000101
0100011
1010000
0101000
1111000

Graph 919, order 7.
0010101
0001011
1000101
0100010
1010001
0101000
1110100

Graph 920, order 7.
0010101
0001011
1000101
0100011
1010001
0101000
1111100

Graph 921, order 7.
0010101
0001011
1000101
0100011
1010001
0101001
1111110

Graph 922, order 7.
0010111
0001010
1000111
0100001
1010001
1110000
1011100

Graph 923, order 7.
0010111
0001011
1000111
0100000
1010000
1110001
1110010

Graph 924, order 7.
0010111
0001010
1000111
0100001
1010000
1110001
1011010

Graph 925, order 7.
0010111
0001011
1000111
0100001
1010001
1110000
1111100

Graph 926, order 7.
0010111
0001011
1000111
0100001
1010000
1110001
1111010

Graph 927, order 7.
0010111
0001011
1000111
0100000
1010001
1110001
1110110

Graph 928, order 7.
0010111
0001011
1000110
0100001
1010001
1110001
1101110

Graph 929, order 7.
0010111
0001010
1000111
0100001
1010001
1110001
1011110

Graph 930, order 7.
0010111
0001011
1000111
0100001
1010001
1110001
1111110

Graph 931, order 7.
0010110
0001011
1000101
0100011
1010000
1101000
0111000

Graph 932, order 7.
0010111
0001011
1000101
0100011
1010000
1101000
1111000

Graph 933, order 7.
0010111
0001011
1000101
0100010
1010001
1101000
1110100

Graph 934, order 7.
0010110
0001011
1000101
0100011
1010001
1101000
0111100

Graph 935, order 7.
0010111
0001011
1000101
0100010
1010000
1101001
1110010

Graph 936, order 7.
0010111
0001011
1000100
0100011
1010000
1101001
1101010

Graph 937, order 7.
0010111
0001011
1000101
0100011
1010001
1101000
1111100

Graph 938, order 7.
0010111
0001011
1000101
0100011
1010000
1101001
1111010

Graph 939, order 7.
0010111
0001011
1000101
0100011
1010001
1101001
1111110

Graph 940, order 7.
0010111
0001001
1000111
0100000
1010011
1010100
1110100

Graph 941, order 7.
0010111
0001000
1000111
0100000
1010011
1010101
1010110

Graph 942, order 7.
0010111
0001001
1000111
0100001
1010011
1010100
1111100

Graph 943, order 7.
0010111
0001001
1000111
0100000
1010011
1010101
1110110

Graph 944, order 7.
0010111
0001001
1000111
0100001
1010011
1010101
1111110

Graph 945, order 7.
0010111
0001011
1000111
0100011
1010001
1111000
1111100

Graph 946, order 7.
0010111
0001011
1000111
0100011
1010000
1111001
1111010

Graph 947, order 7.
0010111
0001011
1000111
0100010
1010001
1111001
1110110

Graph 948, order 7.
0010111
0001011
1000110
0100011
1010001
1111001
1101110

Graph 949, order 7.
0010111
0001011
1000111
0100011
1010001
1111001
1111110

Graph 950, order 7.
0010111
0001011
1000111
0100001
1010011
1110100
1111100

Graph 951, order 7.
0010111
0001011
1000111
0100000
1010011
1110101
1110110

Graph 952, order 7.
0010111
0001010
1000111
0100001
1010011
1110101
1011110

Graph 953, order 7.
0010111
0001011
1000111
0100001
1010011
1110101
1111110

Graph 954, order 7.
0010111
0001011
1000111
0100011
1010011
1111100
1111100

Graph 955, order 7.
0010111
0001011
1000111
0100011
1010011
1111101
1111110

Graph 956, order 7.
0010111
0001111
1000101
0100011
1110000
1101000
1111000

Graph 957, order 7.
0010111
0001111
1000101
0100010
1110001
1101000
1110100

Graph 958, order 7.
0010111
0001111
1000100
0100011
1110001
1101000
1101100

Graph 959, order 7.
0010111
0001110
1000101
0100011
1110001
1101000
1011100

Graph 960, order 7.
0010111
0001111
1000100
0100010
1110001
1101001
1100110

Graph 961, order 7.
0010111
0001111
1000101
0100011
1110001
1101000
1111100

Graph 962, order 7.
0010111
0001111
1000101
0100010
1110001
1101001
1110110

Graph 963, order 7.
0010111
0001111
1000101
0100011
1110001
1101001
1111110

Graph 964, order 7.
0010111
0001101
1000111
0100011
1110000
1011000
1111000

Graph 965, order 7.
0010111
0001101
1000111
0100010
1110001
1011000
1110100

Graph 966, order 7.
0010111
0001101
1000110
0100011
1110001
1011000
1101100

Graph 967, order 7.
0010111
0001101
1000110
0100010
1110001
1011001
1100110

Graph 968, order 7.
0010111
0001100
1000111
0100010
1110001
1011001
1010110

Graph 969, order 7.
0010110
0001101
1000110
0100011
1110001
1011001
0101110

Graph 970, order 7.
0010111
0001101
1000111
0100011
1110001
1011000
1111100

Graph 971, order 7.
0010111
0001101
1000111
0100010
1110001
1011001
1110110

Graph 972, order 7.
0010111
0001101
1000110
0100011
1110001
1011001
1101110

Graph 973, order 7.
0010111
0001101
1000111
0100011
1110001
1011001
1111110

Graph 974, order 7.
0010111
0001111
1000111
0100010
1110001
1111000
1110100

Graph 975, order 7.
0010111
0001111
1000110
0100011
1110001
1111000
1101100

Graph 976, order 7.
0010111
0001111
1000111
0100011
1110001
1111000
1111100

Graph 977, order 7.
0010111
0001111
1000111
0100011
1110000
1111001
1111010

Graph 978, order 7.
0010111
0001111
1000111
0100011
1110001
1111001
1111110

Graph 979, order 7.
0010111
0001111
1000111
0100001
1110011
1110100
1111100

Graph 980, order 7.
0010111
0001111
1000111
0100000
1110011
1110101
1110110

Graph 981, order 7.
0010111
0001111
1000110
0100001
1110011
1110101
1101110

Graph 982, order 7.
0010111
0001110
1000111
0100001
1110011
1110101
1011110

Graph 983, order 7.
0010111
0001111
1000111
0100001
1110011
1110101
1111110

Graph 984, order 7.
0010111
0001111
1000101
0100011
1110011
1101100
1111100

Graph 985, order 7.
0010111
0001111
1000101
0100011
1110011
1101101
1111110

Graph 986, order 7.
0010111
0001101
1000111
0100011
1110011
1011100
1111100

Graph 987, order 7.
0010111
0001101
1000110
0100011
1110011
1011101
1101110

Graph 988, order 7.
0010111
0001101
1000111
0100011
1110011
1011101
1111110

Graph 989, order 7.
0010111
0001111
1000111
0100011
1110011
1111101
1111110

Graph 990, order 7.
0010111
0001111
1000111
0100111
1111001
1111000
1111100

Graph 991, order 7.
0010111
0001111
1000111
0100110
1111001
1111001
1110110

Graph 992, order 7.
0010111
0001111
1000111
0100111
1111001
1111001
1111110

Graph 993, order 7.
0010111
0001111
1000111
0100111
1111011
1111101
1111110

Graph 994, order 7.
0011011
0001111
1000111
1100011
0110000
1111000
1111000

Graph 995, order 7.
0011011
0001111
1000111
1100011
0110001
1111000
1111100

Graph 996, order 7.
0011011
0001111
1000111
1100011
0110000
1111001
1111010

Graph 997, order 7.
0011011
0001111
1000111
1100010
0110001
1111001
1110110

Graph 998, order 7.
0011011
0001111
1000110
1100011
0110001
1111001
1101110

Graph 999, order 7.
0011011
0001111
1000111
1100011
0110001
1111001
1111110

Graph 1000, order 7.
0011011
0001111
1000111
1100011
0110011
1111100
1111100

Graph 1001, order 7.
0011011
0001111
1000111
1100011
0110011
1111101
1111110

Graph 1002, order 7.
0011101
0001111
1000111
1100011
1110000
0111000
1111000

Graph 1003, order 7.
0011101
0001111
1000111
1100010
1110001
0111000
1110100

Graph 1004, order 7.
0011101
0001111
1000110
1100011
1110001
0111000
1101100

Graph 1005, order 7.
0011101
0001111
1000111
1100011
1110001
0111000
1111100

Graph 1006, order 7.
0011101
0001111
1000111
1100011
1110001
0111001
1111110

Graph 1007, order 7.
0011110
0001111
1000111
1100011
1110001
1111000
0111100

Graph 1008, order 7.
0011111
0001111
1000111
1100011
1110001
1111000
1111100

Graph 1009, order 7.
0011111
0001111
1000111
1100010
1110001
1111001
1110110

Graph 1010, order 7.
0011111
0001111
1000111
1100011
1110001
1111001
1111110

Graph 1011, order 7.
0011111
0001111
1000101
1100011
1110011
1101100
1111100

Graph 1012, order 7.
0011111
0001111
1000100
1100011
1110011
1101101
1101110

Graph 1013, order 7.
0011111
0001111
1000101
1100011
1110011
1101101
1111110

Graph 1014, order 7.
0011111
0001111
1000111
1100011
1110011
1111101
1111110

Graph 1015, order 7.
0011111
0001111
1000111
1100111
1111001
1111000
1111100

Graph 1016, order 7.
0011111
0001111
1000111
1100110
1111001
1111001
1110110

Graph 1017, order 7.
0011111
0001111
1000111
1100111
1111001
1111001
1111110

Graph 1018, order 7.
0011111
0001111
1000111
1100111
1111011
1111101
1111110

Graph 1019, order 7.
0011111
0000111
1001111
1010011
1110001
1111000
1111100

Graph 1020, order 7.
0011111
0000111
1001111
1010011
1110000
1111001
1111010

Graph 1021, order 7.
0011111
0000111
1001111
1010010
1110001
1111001
1110110

Graph 1022, order 7.
0011111
0000111
1001111
1010011
1110001
1111001
1111110

Graph 1023, order 7.
0011111
0000111
1001111
1010001
1110011
1110101
1111110

Graph 1024, order 7.
0011111
0000111
1001111
1010011
1110011
1111101
1111110

Graph 1025, order 7.
0011111
0000011
1001111
1010111
1011001
1111000
1111100

Graph 1026, order 7.
0011111
0000011
1001111
1010111
1011000
1111001
1111010

Graph 1027, order 7.
0011111
0000011
1001111
1010111
1011001
1111001
1111110

Graph 1028, order 7.
0011111
0000001
1001111
1010111
1011011
1011100
1111100

Graph 1029, order 7.
0011111
0000000
1001111
1010111
1011011
1011101
1011110

Graph 1030, order 7.
0011111
0000001
1001111
1010111
1011011
1011101
1111110

Graph 1031, order 7.
0011111
0000011
1001111
1010111
1011011
1111101
1111110

Graph 1032, order 7.
0011111
0000111
1001111
1010111
1111011
1111101
1111110

Graph 1033, order 7.
0011111
0001111
1001111
1110111
1111011
1111101
1111110

Graph 1034, order 7.
0011111
0011111
1100111
1100001
1110011
1110100
1111100

Graph 1035, order 7.
0011111
0011111
1100111
1100000
1110011
1110101
1110110

Graph 1036, order 7.
0011111
0011110
1100111
1100001
1110011
1110101
1011110

Graph 1037, order 7.
0011111
0011111
1100111
1100001
1110011
1110101
1111110

Graph 1038, order 7.
0011111
0011101
1100111
1100011
1110011
1011101
1111110

Graph 1039, order 7.
0011111
0011111
1100111
1100011
1110011
1111101
1111110

Graph 1040, order 7.
0011111
0011111
1100111
1100111
1111001
1111000
1111100

Graph 1041, order 7.
0011111
0011111
1100111
1100111
1111001
1111001
1111110

Graph 1042, order 7.
0011111
0011111
1100111
1100111
1111011
1111101
1111110

Graph 1043, order 7.
0011111
0011111
1101111
1110111
1111011
1111101
1111110

Graph 1044, order 7.
0111111
1011111
1101111
1110111
1111011
1111101
1111110