0
0
0
0
0
0
0
0
0
0
1
0
0
1
0
0
1
0
1
1
0
0
0
0
0
2
1
0
0
0
2
1
0
0
2
1
2
0
0
0
0
0
3
2
1
0
3
2
3
0
0
0
4
3
4
0
5
0
0
0
0
1
0
0
1
1
0
1
1
2
1
2
2
0
0
0
1
0
2
1
0
1
1
0
2
1
3
1
2
3
3
0
0
0
1
0
0
0
1
1
1
2
0
1
1
0
1
1
2
1
2
2
1
1
2
3
2
3
1
4
1
2
4
2
4
4
0
0
0
1
1
0
3
2
3
2
2
1
1
3
4
3
2
4
0
0
1
0
1
2
3
2
1
3
3
4
1
2
2
5
4
2
3
5
4
5
0
1
0
1
4
4
3
5
2
2
2
6
5
6
2
7
0
2
0
2
1
4
2
4
4
0
0
0
1
1
0
2
1
0
0
2
2
1
1
3
2
2
1
2
4
3
2
4
0
0
2
1
0
1
0
2
1
2
2
2
3
4
0
0
2
0
2
2
1
3
2
2
3
5
4
3
5
0
1
0
0
2
1
1
2
3
2
3
2
3
4
4
3
5
2
4
7
4
7
5
7
1
3
3
2
2
5
4
4
3
6
5
4
6
0
2
1
3
3
2
4
5
0
2
4
6
2
4
5
8
7
8
1
3
4
6
6
5
7
4
9
0
0
3
4
2
3
6
4
6
0
3
2
2
4
3
2
3
5
4
6
0
3
2
3
4
7
6
10
8
10
5
7
9
11
0
4
6
8
13
0
1
0
1
1
2
2
3
0
0
1
0
1
1
0
1
1
1
1
1
2
1
2
3
2
2
3
3
4
2
2
2
2
2
4
2
2
3
4
4
3
4
5
5
0
1
2
1
3
3
3
2
2
1
2
4
4
3
5
1
2
2
2
3
2
5
4
4
3
5
4
6
4
6
2
2
2
3
4
5
3
3
3
5
4
5
6
2
2
3
2
3
6
5
6
5
7
4
4
8
8
4
9
0
0
1
1
0
2
1
1
1
1
1
2
3
2
1
2
2
2
3
3
3
4
5
0
1
2
1
2
3
3
5
5
1
2
3
2
1
4
3
4
5
6
2
4
2
3
5
4
5
5
7
7
0
1
1
2
3
3
3
3
4
4
5
6
3
7
5
6
5
3
5
7
8
6
5
8
2
4
6
7
2
4
6
7
5
8
5
6
8
8
7
6
9
6
10
10
6
11
0
1
2
1
2
2
4
3
4
5
0
0
1
2
1
1
2
2
2
3
3
2
3
4
5
4
4
6
1
2
2
2
2
3
3
3
5
4
4
5
5
6
5
7
2
3
3
3
3
4
3
2
5
4
4
4
3
4
4
6
6
5
5
7
3
4
4
5
7
4
5
7
6
8
2
3
3
2
4
5
4
4
5
6
7
2
4
6
8
3
5
6
8
7
7
9
3
5
6
8
7
9
6
11
1
2
4
2
3
2
2
4
3
3
4
4
4
5
6
10
7
10
10
5
7
6
8
9
7
11
10
11
7
12
1
3
2
4
4
3
2
4
6
5
4
7
0
1
3
3
4
3
4
5
5
7
3
5
6
6
9
7
10
9
8
11
7
7
10
9
11
8
10
13
3
5
4
3
4
4
4
3
4
4
5
4
3
5
5
6
7
6
5
8
6
6
4
7
6
6
9
7
9
5
5
4
7
6
6
8
9
6
7
8
10
9
13
11
13
12
14
7
8
9
11
16
6
8
7
9
7
10
8
8
12
12
8
13
0
2
1
2
3
2
4
6
2
3
2
3
4
3
4
5
7
3
5
5
6
5
7
8
1
2
3
4
4
3
4
5
6
6
6
8
6
8
7
8
8
7
10
7
10
9
11
5
4
6
8
8
10
8
13
2
3
4
5
6
8
4
5
6
7
5
6
4
7
7
9
7
10
5
7
8
11
8
10
12
15
9
10
9
13
12
16
13
16
10
10
12
14
17
3
4
4
4
5
4
6
6
7
6
9
8
9
8
12
9
11
13
16
10
10
12
11
14
19
3
4
6
9
6
9
10
13
12
17
22
3
5
4
5
6
8
5
6
5
6
7
8
6
7
9
3
4
5
4
5
6
6
7
9
7
10
8
10
11
7
9
9
8
11
8
11
10
12
9
14
4
6
5
5
6
7
8
10
4
6
5
5
7
5
7
8
7
10
7
6
8
9
12
10
13
11
11
14
9
13
9
10
13
16
10
11
14
19
6
8
10
9
9
12
10
15
5
6
6
8
11
7
10
11
14
11
13
15
18
13
13
17
22
11
12
12
15
16
19
13
14
17
16
20
20
21
23
26
14
16
14
18
17
21
16
20
25
30
35
